nom,nb_hab_2010,nb_hab_2012,diff2012_2010
Pouillat,88,100,12
Torcieu,698,700,2
Maillat,668,700,32
Béon,373,400,27
Saint-Bernard,1375,1400,25
Chavannes-sur-Reyssouze,680,700,20
Flaxieu,63,100,37
Saint-Sorlin-en-Bugey,1061,1100,39
Mantenay-Montlin,288,300,12
Marboz,2182,2200,18
Hauteville-Lompnes,4044,4200,156
Saint-Trivier-sur-Moignans,1877,1900,23
Peyriat,171,200,29
Crans,269,300,31
Montréal-la-Cluse,3457,3500,43
Bolozon,94,100,6
Lochieu,91,100,9
Ceignes,265,300,35
Vieu,380,400,20
Saint-André-de-Corcy,2991,3000,9
Péronnas,6054,6100,46
Monthieux,599,600,1
Montrevel-en-Bresse,2362,2400,38
Challes-la-Montagne,179,200,21
Chaleins,1165,1200,35
Thil,1070,1100,30
Oncieu,91,100,9
Lurcy,393,400,7
Balan,2348,2400,52
Blyes,886,900,14
Niévroz,1488,1500,12
Nurieux-Volognat,1058,1100,42
Sault-Brénaz,1043,1100,57
Saint-Martin-de-Bavel,443,500,57
Prémeyzel,234,300,66
Arandas,163,200,37
Boz,496,500,4
Briord,893,900,7
Matafelon-Granges,652,700,48
Saint-Nizier-le-Désert,880,900,20
Saint-Didier-de-Formans,1792,1800,8
Saint-Éloi,399,400,1
Dortan,1996,2100,104
Saint-Germain-les-Paroisses,387,400,13
Saint-Jean-sur-Veyle,1082,1100,18
Villeneuve,1383,1400,17
Souclin,261,300,39
Saint-Just,881,900,19
Talissieu,425,500,75
Cressin-Rochefort,374,400,26
Saint-Georges-sur-Renon,197,200,3
Lantenay,257,300,43
Cormaranche-en-Bugey,859,900,41
Ramasse,250,300,50
Villes,385,400,15
Groslée,353,400,47
Verjon,250,300,50
Meillonnas,1298,1300,2
La Burbanche,72,100,28
Sermoyer,669,700,31
Charix,294,300,6
Arbignieu,480,500,20
Leyssard,153,200,47
Frans,1984,2000,16
Baneins,572,600,28
Outriaz,256,300,44
Montagnieu,495,500,5
Parcieux,1095,1100,5
Saint-Germain-de-Joux,480,500,20
Saint-Martin-le-Châtel,790,800,10
Marignieu,148,200,52
Neyrolles,637,700,63
Sulignat,569,600,31
Saint-Alban,163,200,37
Bâgé-le-Châtel,796,800,4
Domsure,473,500,27
Chavannes-sur-Suran,644,700,56
Saint-Martin-du-Frêne,1077,1100,23
Saint-Maurice-de-Beynost,3865,3900,35
Servas,1184,1200,16
Pollieu,157,200,43
Brénaz,92,100,8
Bénonces,275,300,25
Beauregard,870,900,30
Oyonnax,22650,23100,450
Mionnay,2077,2100,23
Coligny,1154,1200,46
Simandre-sur-Suran,650,700,50
L'Abergement-Clémenciat,784,800,16
Lescheroux,683,700,17
Lompnas,149,200,51
Chavornay,199,200,1
Vongnes,74,100,26
Dompierre-sur-Chalaronne,389,400,11
Hostiaz,82,100,18
Belley,8755,8800,45
Corbonod,1176,1200,24
Servignat,160,200,40
Cerdon,741,800,59
Lhôpital,59,100,41
Cheignieu-la-Balme,157,200,43
Échallon,772,800,28
Montcet,665,700,35
Chevillard,162,200,38
Champdor,464,500,36
Port,847,900,53
Surjoux,78,100,22
Champfromier,677,700,23
Vésines,91,100,9
Asnières-sur-Saône,73,100,27
Romans,587,600,13
Pizay,777,800,23
Certines,1445,1500,55
Meximieux,7268,7300,32
Saint-Rambert-en-Bugey,2164,2200,36
Cize,170,200,30
Villette-sur-Ain,673,700,27
Salavre,284,300,16
Sauverny,1078,1100,22
Trévoux,6730,6800,70
Bourg-en-Bresse,40088,40200,112
Valeins,88,100,12
Vieu-d'Izenave,693,700,7
Arbigny,399,400,1
Mijoux,379,400,21
Biziat,797,800,3
Izenave,164,200,36
Courtes,266,300,34
Lapeyrouse,292,300,8
Leyment,1273,1300,27
Gercy,295,300,5
Licy-Clignon,87,100,13
Mont-Saint-Jean,80,100,20
Annois,383,400,17
Chivres-en-Laonnois,367,400,33
Ugny-le-Gay,163,200,37
Happencourt,148,200,52
Prouvais,379,400,21
Azy-sur-Marne,387,400,13
Droizy,75,100,25
Moulins,99,100,1
Saulchery,658,700,42
Bucy-le-Long,1955,2000,45
Longpont,294,300,6
Montgobert,198,200,2
Noircourt,90,100,10
Rozet-Saint-Albin,286,300,14
Chavonne,193,200,7
Artonges,184,200,16
Juvigny,280,300,20
Marchais-en-Brie,275,300,25
Bouconville-Vauclair,181,200,19
Logny-lès-Aubenton,77,100,23
Cuirieux,161,200,39
Effry,353,400,47
Jumigny,69,100,31
Chaourse,535,600,65
Beaumont-en-Beine,161,200,39
Le Plessier-Huleu,76,100,24
Baulne-en-Brie,288,300,12
Guivry,263,300,37
Bray-Saint-Christophe,80,100,20
Seraucourt-le-Grand,789,800,11
Vivaise,768,800,32
Caumont,562,600,38
Villers-le-Sec,277,300,23
Vichel-Nanteuil,95,100,5
Romery,84,100,16
Fontaine-lès-Clercs,289,300,11
Chéry-lès-Pouilly,673,700,27
Pithon,75,100,25
Beaurieux,793,800,7
Sinceny,2152,2200,48
Montigny-l'Allier,272,300,28
Cuissy-et-Geny,66,100,34
Vailly-sur-Aisne,2081,2100,19
Bièvres,73,100,27
Perles,80,100,20
Neuflieux,95,100,5
Pargny-la-Dhuys,170,200,30
Brenelle,199,200,1
La Neuville-lès-Dorengt,385,400,15
Blanzy-lès-Fismes,91,100,9
Villers-sur-Fère,486,500,14
La Hérie,153,200,47
Berzy-le-Sec,396,400,4
Le Catelet,194,200,6
Gizy,684,700,16
Saint-Algis,159,200,41
Villeneuve-sur-Fère,286,300,14
Quincy-sous-le-Mont,66,100,34
Besny-et-Loizy,372,400,28
Chauny,11983,12100,117
Oulches-la-Vallée-Foulon,63,100,37
Anizy-le-Château,1895,1900,5
Nampteuil-sous-Muret,85,100,15
Urcel,549,600,51
Condé-en-Brie,656,700,44
Sommelans,57,100,43
Oigny-en-Valois,142,200,58
Loupeigne,78,100,22
La Chapelle-Monthodon,189,200,11
Jaulgonne,666,700,34
Chermizy-Ailles,96,100,4
Becquigny,284,300,16
Villers-lès-Guise,165,200,35
Berrieux,177,200,23
Chigny,155,200,45
Flavigny-le-Grand-et-Beaurain,473,500,27
Laon,25986,26200,214
Saint-Clément,51,100,49
Dercy,367,400,33
Anguilcourt-le-Sart,292,300,8
Laval-en-Laonnois,255,300,45
Le Sourd,162,200,38
Fontaine-Notre-Dame,384,400,16
Serain,381,400,19
Maast-et-Violaine,160,200,40
Neuville-sur-Ailette,96,100,4
Francilly-Selency,465,500,35
Bézu-le-Guéry,259,300,41
Marle,2351,2400,49
Lemé,447,500,53
Cierges,74,100,26
Craonne,76,100,24
Courtemont-Varennes,298,300,2
Gland,497,500,3
Montigny-lès-Condé,79,100,21
Ploisy,82,100,18
Ambrief,63,100,37
Chézy-en-Orxois,360,400,40
Étampes-sur-Marne,1164,1200,36
Vaux-en-Vermandois,137,200,63
Mesbrecourt-Richecourt,298,300,2
Commenchon,191,200,9
Bucy-lès-Cerny,185,200,15
Renansart,169,200,31
Presles-et-Boves,356,400,44
Cuffies,1686,1700,14
Attilly,384,400,16
Grisolles,193,200,7
Seringes-et-Nesles,296,300,4
Macogny,81,100,19
Tartiers,190,200,10
Pontru,286,300,14
Trélou-sur-Marne,985,1000,15
La Ville-aux-Bois-lès-Dizy,180,200,20
Charmes,1659,1700,41
Jouaignes,170,200,30
Lesquielles-Saint-Germain,859,900,41
Aizy-Jouy,287,300,13
Chavigny,153,200,47
Gernicourt,50,100,50
Quincy-Basse,58,100,42
Sergy,164,200,36
Leuze,162,200,38
Noyales,171,200,29
Marigny-en-Orxois,462,500,38
Foreste,184,200,16
Saponay,259,300,41
Orainville,492,500,8
Neuilly-Saint-Front,2175,2200,25
Tergnier,14139,14500,361
La Ferté-Milon,2240,2300,60
Ostel,80,100,20
Sissy,484,500,16
Étreux,1509,1600,91
Fontenelle,289,300,11
Cerseuil,91,100,9
Voharies,68,100,32
Saint-Pierre-Aigle,352,400,48
Nanteuil-Notre-Dame,67,100,33
Merval,88,100,12
Breny,268,300,32
Lanchy,52,100,48
Vaudesson,260,300,40
Cœuvres-et-Valsery,462,500,38
Épieds,389,400,11
Soucy,88,100,12
Archon,87,100,13
Germaine,66,100,34
La Neuville-Housset,63,100,37
Paars,284,300,16
Laniscourt,175,200,25
Barenton-Bugny,589,600,11
Cerizy,58,100,42
La Ferté-Chevresis,589,600,11
Ramicourt,171,200,29
Samoussy,338,400,62
Grougis,385,400,15
Macquigny,374,400,26
Servais,282,300,18
Osly-Courtil,297,300,3
Verneuil-sur-Serre,271,300,29
Mayot,171,200,29
Wassigny,973,1000,27
Audigny,265,300,35
Martigny,452,500,48
Épaux-Bézu,588,600,12
Hauteville,167,200,33
La Neuville-en-Beine,178,200,22
Tupigny,364,400,36
Vervins,2666,2700,34
Dorengt,157,200,43
Saint-Pierre-lès-Franqueville,64,100,36
Mont-Saint-Martin,85,100,15
Chierry,1055,1100,45
Montigny-le-Franc,158,200,42
Prémontré,769,800,31
Courtrizy-et-Fussigny,67,100,33
Jumencourt,154,200,46
Clairfontaine,569,600,31
Allemant,180,200,20
Mont-Saint-Père,686,700,14
Parfondeval,155,200,45
Chivres-Val,585,600,15
Montfaucon,181,200,19
Autels,74,100,26
Fontenoy,494,500,6
Crécy-au-Mont,289,300,11
Morcourt,596,600,4
Marizy-Saint-Mard,59,100,41
Dolignon,59,100,41
Rocquigny,393,400,7
Malzy,194,200,6
Bellenglise,386,400,14
Cerny-en-Laonnois,71,100,29
Montloué,157,200,43
Sainte-Geneviève,77,100,23
Étréaupont,895,900,5
Aisonville-et-Bernoville,288,300,12
Hirson,9383,9400,17
Bagneux,73,100,27
Autremencourt,185,200,15
Blérancourt,1262,1300,38
Monthurel,150,200,50
Petit-Verly,188,200,12
Soize,98,100,2
Veslud,257,300,43
Chaudun,261,300,39
Pavant,799,800,1
Missy-sur-Aisne,684,700,16
Cugny,576,600,24
Coingt,77,100,23
Dury,196,200,4
Royaucourt-et-Chailvet,198,200,2
Sissonne,2072,2100,28
Ribemont,1984,2000,16
Chevregny,192,200,8
Montchâlons,64,100,36
Taillefontaine,271,300,29
Vorges,378,400,22
Montescourt-Lizerolles,1684,1700,16
Marcy,157,200,43
Orgeval,72,100,28
Harly,1707,1800,93
Romeny-sur-Marne,487,500,13
Vauxtin,51,100,49
Rogécourt,86,100,14
Montigny-Lengrain,668,700,32
Houry,63,100,37
Pierrepont,394,400,6
Dohis,92,100,8
Paissy,70,100,30
Nouvion-le-Comte,273,300,27
Raillimont,90,100,10
Passy-sur-Marne,152,200,48
Cuiry-lès-Chaudardes,84,100,16
Housset,173,200,27
Billy-sur-Aisne,1081,1100,19
Belleu,3881,3900,19
Pontavert,596,600,4
Dizy-le-Gros,790,800,10
Beauvois-en-Vermandois,278,300,22
Étrépilly,81,100,19
Artemps,359,400,41
Gricourt,869,900,31
Blesmes,371,400,29
Ville-Savoye,58,100,42
Chevresis-Monceau,356,400,44
Vregny,91,100,9
Nizy-le-Comte,257,300,43
Buzancy,186,200,14
Torcy-en-Valois,83,100,17
Passy-en-Valois,164,200,36
Mont-d'Origny,860,900,40
Vassogne,66,100,34
Viel-Arcy,181,200,19
Mennevret,664,700,36
Guise,5173,5400,227
Champs,293,300,7
Sainte-Preuve,84,100,16
Ribeauville,82,100,18
Tugny-et-Pont,281,300,19
Neuvillette,196,200,4
Saint-Thomas,97,100,3
Marfontaine,84,100,16
Plomion,477,500,23
Puisieux-et-Clanlieu,296,300,4
Crupilly,66,100,34
Dommiers,287,300,13
Étreillers,1199,1200,1
Chouy,395,400,5
Landifay-et-Bertaignemont,292,300,8
Nauroy,691,700,9
Limé,188,200,12
Villers-Saint-Christophe,472,500,28
Chaillevois,188,200,12
Vézilly,181,200,19
Lappion,295,300,5
Grand-Rozoy,293,300,7
Celles-lès-Condé,74,100,26
Courboin,296,300,4
Sorbais,272,300,28
Thenailles,255,300,45
Couvron-et-Aumencourt,1325,1400,75
Gandelu,679,700,21
Le Thuel,170,200,30
Septvaux,191,200,9
Villiers-Saint-Denis,1051,1100,49
Bucilly,195,200,5
Saint-Thibaut,63,100,37
Goudelancourt-lès-Berrieux,63,100,37
Colligis-Crandelain,181,200,19
La Capelle,1853,1900,47
Monthiers,152,200,48
Saint-Pierremont,62,100,38
Celles-sur-Aisne,256,300,44
Fossoy,577,600,23
Chaudardes,88,100,12
Remigny,390,400,10
Château-Thierry,14480,14800,320
Châtillon-lès-Sons,81,100,19
Coyolles,388,400,12
Thenelles,568,600,32
Nogentel,1019,1100,81
La Chapelle-sur-Chézy,281,300,19
Concevreux,259,300,41
Grandrieux,88,100,12
Levergies,587,600,13
Ollezy,166,200,34
Colonfay,71,100,29
Vauxbuin,766,800,34
Révillon,70,100,30
Watigny,369,400,31
Buironfosse,1189,1200,11
Courchamps,89,100,11
Noyant-et-Aconin,476,500,24
Beautor,2642,2700,58
Presles-et-Thierny,383,400,17
Monceau-lès-Leups,473,500,27
Montcornet,1543,1600,57
Autreppes,187,200,13
Moÿ-de-l'Aisne,993,1000,7
Any-Martin-Rieux,476,500,24
Esquéhéries,850,900,50
Trosly-Loire,593,600,7
Harcigny,249,300,51
Brie,59,100,41
Marchais,379,400,21
Vigneux-Hocquet,283,300,17
Braye-en-Thiérache,139,200,61
Retheuil,387,400,13
Fesmy-le-Sart,490,500,10
Pont-Saint-Mard,185,200,15
Montlevon,248,300,52
Montigny-sous-Marle,74,100,26
Bois-lès-Pargny,183,200,17
Lesges,83,100,17
Crécy-sur-Serre,1454,1500,46
Neuville-Saint-Amand,893,900,7
Beaumé,97,100,3
Erlon,292,300,8
Viry-Noureuil,1829,1900,71
Gronard,73,100,27
Crépy,1896,1900,4
Bruyères-et-Montbérault,1576,1600,24
Vauxaillon,490,500,10
Chartèves,368,400,32
Clacy-et-Thierret,346,400,54
Barzy-sur-Marne,386,400,14
Vassens,172,200,28
Essigny-le-Petit,377,400,23
Saint-Quentin,55978,56800,822
Contescourt,66,100,34
Besmé,164,200,36
Couvrelles,189,200,11
Buire,884,900,16
Aulnois-sous-Laon,1292,1300,8
Pargnan,62,100,38
Coucy-le-Château-Auffrique,1076,1100,24
Dallon,377,400,23
Armentières-sur-Ourcq,98,100,2
La Neuville-Bosmont,183,200,17
Montreuil-aux-Lions,1396,1400,4
Meurival,52,100,48
Septmonts,580,600,20
Pleine-Selve,180,200,20
Ancienville,73,100,27
Leschelle,296,300,4
Fieulaine,281,300,19
Fère-en-Tardenois,3270,3300,30
Gouy,591,600,9
Ressons-le-Long,755,800,45
Nouvion-le-Vineux,162,200,38
Versigny,467,500,33
Assis-sur-Serre,275,300,25
Vaux-Andigny,959,1000,41
Fontaine-lès-Vervins,987,1000,13
Luzoir,290,300,10
Erloy,92,100,8
Seboncourt,1079,1100,21
Hannapes,289,300,11
Résigny,175,200,25
Merlieux-et-Fouquerolles,273,300,27
L'Épine-aux-Bois,259,300,41
Andelain,186,200,14
Longueval-Barbonval,485,500,15
Gergny,152,200,48
Bohain-en-Vermandois,5976,6100,124
Wimy,468,500,32
Chamouille,260,300,40
Noroy-sur-Ourcq,158,200,42
Danizy,569,600,31
Gauchy,5443,5600,157
Bourguignon-sous-Coucy,91,100,9
Coucy-lès-Eppes,576,600,24
Juvincourt-et-Damary,493,500,7
Trefcon,83,100,17
Voyenne,288,300,12
Pierremande,276,300,24
Œuilly,277,300,23
Saint-Paul-aux-Bois,395,400,5
Lucy-le-Bocage,175,200,25
Coupru,186,200,14
Augy,90,100,10
Venizel,1356,1400,44
Neure,171,200,29
Andelaroche,277,300,23
Limoise,179,200,21
Louchy-Montfand,442,500,58
Désertines,4348,4400,52
Arronnes,361,400,39
Chezelle,161,200,39
Saint-Palais,190,200,10
Fleuriel,348,400,52
Bayet,677,700,23
Servilly,275,300,25
Villebret,1276,1300,24
Isle-et-Bardais,272,300,28
Domérat,8990,9000,10
Saligny-sur-Roudon,777,800,23
Montord,233,300,67
Louroux-Hodement,346,400,54
Buxières-les-Mines,1076,1100,24
Valignat,75,100,25
Vallon-en-Sully,1674,1700,26
Meaulne,763,800,37
Bourbon-l'Archambault,2571,2600,29
Néris-les-Bains,2667,2700,33
Lavoine,153,200,47
Liernolles,246,300,54
Meillers,151,200,49
Arfeuilles,677,700,23
Boucé,560,600,40
Gannat,5806,5900,94
Loddes,146,200,54
La Ferté-Hauterive,298,300,2
Neuvy,1510,1600,90
Chappes,193,200,7
Theneuille,388,400,12
Saint-Ennemond,654,700,46
Montluçon,38402,39500,1098
Cressanges,670,700,30
Viplaix,291,300,9
Saint-Léger-sur-Vouzance,281,300,19
Besson,792,800,8
Ferrières-sur-Sichon,560,600,40
Treteau,558,600,42
Saint-Bonnet-Tronçais,742,800,58
Ainay-le-Château,1050,1100,50
Braize,288,300,12
Valigny,388,400,12
Saint-Bonnet-de-Four,199,200,1
Chamblet,1073,1100,27
Beaune-d'Allier,285,300,15
Saint-Loup,570,600,30
Saint-Christophe,494,500,6
Mercy,262,300,38
Le Mayet-d'École,272,300,28
Bellerive-sur-Allier,8546,8600,54
Saint-Prix,797,800,3
Luneau,287,300,13
Ussel-d'Allier,145,200,55
Saint-Pierre-Laval,369,400,31
Saint-Didier-la-Forêt,380,400,20
Mazerier,287,300,13
Durdat-Larequille,1286,1300,14
Saint-Pourçain-sur-Sioule,4987,5100,113
Sazeret,160,200,40
Vichy,24774,25200,426
Vernusse,171,200,29
Hérisson,648,700,52
Deneuille-lès-Chantelle,91,100,9
Avrilly,153,200,47
Varennes-sur-Tèche,254,300,46
Nassigny,195,200,5
Urçay,295,300,5
Treignat,447,500,53
Noyant-d'Allier,687,700,13
Saint-Voir,197,200,3
Le Donjon,1080,1100,20
Louroux-de-Beaune,182,200,18
Sanssat,253,300,47
Commentry,6651,6800,149
Seuillet,494,500,6
La Chapelle,382,400,18
Saint-Désiré,470,500,30
Montcombroux-les-Mines,371,400,29
Vieure,267,300,33
Saint-Aubin-le-Monial,284,300,16
Monétay-sur-Loire,285,300,15
Bert,267,300,33
Treban,394,400,6
Laféline,191,200,9
Ygrande,773,800,27
Rongères,582,600,18
Montmarault,1530,1600,70
Laprugne,362,400,38
Villeneuve-sur-Allier,985,1000,15
Saint-Éloy-d'Allier,55,100,45
Audes,452,500,48
Molinet,1160,1200,40
Saint-Didier-en-Donjon,268,300,32
Chavroches,277,300,23
Murat,291,300,9
Château-sur-Allier,175,200,25
Bézenet,987,1000,13
Ronnet,185,200,15
Target,267,300,33
Mazirat,287,300,13
Saint-Léopardin-d'Augy,365,400,35
Maillet,368,400,32
La Petite-Marche,185,200,15
Agonges,342,400,58
Bost,192,200,8
Saint-Clément,363,400,37
Reugny,264,300,36
Lapalisse,3150,3200,50
Billezois,392,400,8
Voussac,464,500,36
Broût-Vernet,1182,1200,18
La Chapelaude,981,1000,19
Saint-Germain-des-Fossés,3658,3700,42
Charroux,386,400,14
Sussat,98,100,2
Lalizolle,376,400,24
Saulcet,644,700,56
Bizeneuille,283,300,17
Aurouër,370,400,30
Couzon,298,300,2
Monestier,266,300,34
Saint-Gérand-le-Puy,996,1000,4
Le Vilhain,265,300,35
Créchy,487,500,13
Marigny,189,200,11
Trézelles,387,400,13
Saint-Pont,578,600,22
Couleuvre,581,600,19
Moulins,19590,19800,210
Ébreuil,1277,1300,23
Le Pin,393,400,7
La Chabanne,189,200,11
Saint-Nicolas-des-Biefs,181,200,19
Chantelle,1072,1100,28
Bessay-sur-Allier,1388,1400,12
Mariol,762,800,38
Rocles,377,400,23
Bresnay,395,400,5
La Guillermie,143,200,57
Sauvagny,94,100,6
Cérilly,1351,1400,49
Sorbier,292,300,8
Cesset,378,400,22
Saint-Caprais,92,100,8
Varennes-sur-Allier,3600,3800,200
Franchesse,446,500,54
Dompierre-sur-Besbre,3152,3200,48
Saint-Genest,342,400,58
Tortezais,177,200,23
Louroux-de-Bouble,280,300,20
Marcenat,375,400,25
Turriers,379,400,21
Blieux,55,100,45
Saint-Jeannet,52,100,48
Curel,47,100,53
Montfort,377,400,23
La Rochette,58,100,42
Vaumeilh,268,300,32
Colmars,388,400,12
Châteauneuf-Miravail,77,100,23
Vachères,293,300,7
Saint-Julien-d'Asse,165,200,35
Mirabeau,494,500,6
Dauphin,796,800,4
Puimichel,242,300,58
Faucon-du-Caire,57,100,43
Saint-Geniez,87,100,13
Le Castellet,278,300,22
Revest-du-Bion,578,600,22
Clumanc,182,200,18
Thuiles,368,400,32
Val-de-Chalvagne,69,100,31
Entrepierres,390,400,10
Meyronnes,72,100,28
Saint-Laurent-du-Verdon,92,100,8
Montfuron,196,200,4
Larche,74,100,26
Sigoyer,92,100,8
Le Castellard-Mélan,50,100,50
Aubignosc,553,600,47
Clamensane,172,200,28
Château-Arnoux-Saint-Auban,5266,5300,34
Saint-Jacques,56,100,44
L'Hospitalet,89,100,11
Villemus,166,200,34
Mallemoisson,993,1000,7
Oppedette,61,100,39
Barrême,474,500,26
Mane,1373,1400,27
Simiane-la-Rotonde,584,600,16
Montclar,461,500,39
La Garde,90,100,10
Montjustin,48,100,52
Redortiers,75,100,25
Allos,691,700,9
Moriez,194,200,6
Verdaches,57,100,43
Malijai,1960,2000,40
Lurs,375,400,25
Auzet,79,100,21
Angles,71,100,29
Revest-Saint-Martin,82,100,18
Castellane,1537,1600,63
Barles,156,200,44
Gigors,61,100,39
Pontis,81,100,19
Prads-Haute-Bléone,179,200,21
Corbières,987,1000,13
Le Brusquet,968,1000,32
Le Caire,66,100,34
La Javie,392,400,8
Lambruisse,90,100,10
Saint-Jurs,155,200,45
Banon,1070,1100,30
Manosque,22105,22300,195
Beaujeu,150,200,50
Senez,170,200,30
Châteauredon,93,100,7
Brunet,256,300,44
Draix,80,100,20
Champtercier,794,800,6
Entrevennes,168,200,32
Digne-les-Bains,16922,17300,378
Bayons,255,300,45
Sainte-Croix-à-Lauze,79,100,21
Barras,158,200,42
Sourribes,173,200,27
Salérans,85,100,15
Veynes,3186,3200,14
Rabou,79,100,21
Cervières,174,200,26
Puy-Saint-André,468,500,32
Saint-Étienne-en-Dévoluy,558,600,42
Saint-Chaffrey,1668,1700,32
Saint-Firmin,477,500,23
Espinasses,675,700,25
Méreuil,89,100,11
Chabottes,757,800,43
Montmorin,90,100,10
Ristolas,90,100,10
Arvieux,375,400,25
Prunières,289,300,11
Bénévent-et-Charbillac,270,300,30
Saint-Véran,257,300,43
Lagrand,268,300,32
Embrun,6110,6300,190
Champcella,174,200,26
Forest-Saint-Julien,283,300,17
Vigneaux,480,500,20
Oze,94,100,6
Montrond,54,100,46
Avançon,391,400,9
Savines-le-Lac,1088,1100,12
Lettret,184,200,16
Le Monêtier-les-Bains,1035,1100,65
Saint-Jacques-en-Valgodemard,150,200,50
Sigottier,79,100,21
Bruis,66,100,34
Saint-André-de-Rosans,146,200,54
Rambaud,367,400,33
Puy-Saint-Vincent,299,300,1
Agnières-en-Dévoluy,270,300,30
La Grave,488,500,12
Antonaves,179,200,21
Montbrand,61,100,39
La Beaume,164,200,36
Le Saix,98,100,2
Le Glaizil,180,200,20
Saint-Martin-de-Queyrières,1086,1100,14
La Cluse,53,100,47
Saint-Clément-sur-Durance,294,300,6
Sainte-Colombe,59,100,41
Sigoyer,640,700,60
Serres,1283,1300,17
Moydans,56,100,44
Fouillouse,198,200,2
Le Bersac,152,200,48
Montclus,55,100,45
Chauffayer,391,400,9
Saint-Auban-d'Oze,71,100,29
Freissinières,198,200,2
Saint-Genis,52,100,48
La Piarre,97,100,3
L'Épine,182,200,18
Lardier-et-Valença,293,300,7
Saléon,92,100,8
Saint-Pierre-d'Argençon,158,200,42
Abriès,365,400,35
Rousset,163,200,37
Villar-Saint-Pancrace,1457,1500,43
La Bâtie-Vieille,278,300,22
Le Noyer,267,300,33
Ribiers,794,800,6
Buissard,182,200,18
Villar-d'Arêne,287,300,13
Gattières,4052,4100,48
Grasse,51036,51600,564
Mujouls,44,100,56
Saint-Léger,67,100,33
Ferres,97,100,3
Tourrettes-sur-Loup,4007,4200,193
Beausoleil,13515,14100,585
Duranus,181,200,19
Auvare,49,100,51
Villefranche-sur-Mer,5419,6200,781
La Bollène-Vésubie,560,600,40
Valbonne,12275,12500,225
Saint-Martin-d'Entraunes,83,100,17
Sauze,98,100,2
Vallauris,28252,29100,848
Saint-Paul-de-Vence,3486,3500,14
Fontan,255,300,45
Drap,4385,4600,215
Roquestéron-Grasse,79,100,21
La Turbie,3180,3200,20
Valderoure,397,400,3
Pierrefeu,254,300,46
Mouans-Sartoux,10198,10300,102
Andon,579,600,21
Belvédère,656,700,44
Beuil,495,500,5
Antibes,74120,77000,2880
Èze,2686,3000,314
Saint-Jeannet,3682,3700,18
Le Bar-sur-Loup,2795,2800,5
Châteauneuf-d'Entraunes,63,100,37
Mougins,18917,19700,783
Sallagriffon,50,100,50
Coursegoules,473,500,27
Peille,2291,2300,9
Gilette,1494,1500,6
La Trinité,10332,10600,268
Clans,562,600,38
Cabris,1410,1500,90
Cagnes-sur-Mer,47141,48900,1759
La Croix-sur-Roudoule,87,100,13
Bonson,665,700,35
Gars,60,100,40
Théoule-sur-Mer,1551,1600,49
Saint-Laurent-du-Var,29963,30300,337
Gorbio,1284,1300,16
La Roquette-sur-Siagne,4962,5000,38
Nice,343304,344900,1596
Séranon,477,500,23
Ilonse,167,200,33
Castellar,974,1000,26
Lucéram,1237,1300,63
Aiglun,94,100,6
Saint-Jean-Cap-Ferrat,2030,2100,70
Conségudes,82,100,18
Guillaumes,689,700,11
Bouyon,482,500,18
Toudon,286,300,14
Villeneuve-d'Entraunes,85,100,15
Roquebrune-Cap-Martin,12532,13500,968
Pierlas,97,100,3
Cuébris,150,200,50
Cipières,373,400,27
Sainte-Agnès,1197,1200,3
Berre-les-Alpes,1279,1300,21
Marie,84,100,16
Gourdon,426,500,74
Saint-Jeure-d'Andaure,97,100,3
Saint-André-de-Cruzières,485,500,15
Saint-Péray,7294,7300,6
Sainte-Marguerite-Lafigère,79,100,21
Dompnac,81,100,19
Veyras,1539,1600,61
Saint-Pierre-Saint-Jean,146,200,54
Saint-Alban-en-Montagne,78,100,22
Plats,793,800,7
Saint-Julien-le-Roux,92,100,8
Boucieu-le-Roi,282,300,18
Banne,687,700,13
Saint-Genest-Lachamp,99,100,1
Darbres,244,300,56
Saint-Apollinaire-de-Rias,164,200,36
Péreyres,51,100,49
Châteauneuf-de-Vernoux,187,200,13
Borée,167,200,33
Saint-Andéol-de-Fourchades,54,100,46
Genestelle,279,300,21
Beauchastel,1666,1700,34
Saint-Martin-de-Valamas,1264,1300,36
Vanosc,886,900,14
Colombier-le-Cardinal,278,300,22
Bidon,192,200,8
Saint-Étienne-de-Fontbellon,2480,2500,20
Mauves,1174,1200,26
Valgorge,472,500,28
Vallon-Pont-d'Arc,2328,2400,72
Lyas,558,600,42
Chanéac,267,300,33
Saint-Paul-le-Jeune,871,900,29
Mayres,267,300,33
Limony,762,800,38
Rochessauve,397,400,3
Lalouvesc,460,500,40
Lamastre,2480,2500,20
Arcens,398,400,2
Champis,586,600,14
Saint-Prix,253,300,47
Faugères,97,100,3
Vernoux-en-Vivarais,1886,1900,14
Laval-d'Aurelle,56,100,44
Tauriers,174,200,26
Saint-Pierre-la-Roche,52,100,48
Saint-Maurice-en-Chalencon,197,200,3
Ribes,272,300,28
Saint-Bauzile,270,300,30
Vals-les-Bains,3649,3700,51
Cros-de-Géorand,175,200,25
Viviers,3861,3900,39
Issarlès,166,200,34
Le Plagnal,61,100,39
Dornas,286,300,14
Saint-Étienne-de-Valoux,298,300,2
Sanilhac,396,400,4
Le Chambon,56,100,44
Monestier,51,100,49
Lanas,380,400,20
Privas,8369,8600,231
Burzet,455,500,45
Malbosc,151,200,49
Lemps,769,800,31
Le Lac-d'Issarlès,273,300,27
Félines,1481,1500,19
Saint-Martial,245,300,55
Saint-Jean-de-Muzols,2436,2500,64
Le Pouzin,2828,2900,72
Jaujac,1198,1200,2
Saint-Félicien,1184,1200,16
Saint-Jean-Roure,266,300,34
Saint-Étienne-de-Lugdarès,445,500,55
Devesset,287,300,13
Arlebosc,348,400,52
Désaignes,1193,1200,7
La Rochette,59,100,41
Saint-Jean-Chambre,253,300,47
Mariac,660,700,40
Juvinas,169,200,31
Rompon,979,1000,21
Pont-de-Labeaume,568,600,32
Pailharès,284,300,16
Chirols,256,300,44
Sarras,2067,2100,33
Saint-Joseph-des-Bancs,187,200,13
Saint-Michel-de-Chabrillanoux,364,400,36
Lavillatte,71,100,29
Saint-Privat,1597,1600,3
Annonay,16660,17200,540
Saint-Pons,264,300,36
Saint-Barthélemy-Grozon,497,500,3
Montselgues,91,100,9
Mercuer,1165,1200,35
Bourg-Saint-Andéol,7264,7300,36
Gilhac-et-Bruzac,157,200,43
Lachamp-Raphaël,84,100,16
Saint-Julien-du-Gua,160,200,40
Antraigues-sur-Volane,544,600,56
Rochepaule,285,300,15
Gourdon,97,100,3
Cheminas,297,300,3
Glun,686,700,14
Saint-Cyr,1288,1300,12
Saint-Barthélemy-le-Plain,795,800,5
Saint-Cierge-sous-le-Cheylard,191,200,9
Lalevade-d'Ardèche,1177,1200,23
Saint-Julien-Vocance,244,300,56
Peaugres,1959,2000,41
Le Cheylard,3218,3300,82
Laurac-en-Vivarais,895,900,5
Colombier-le-Jeune,563,600,37
Vocance,595,600,5
Gluiras,375,400,25
Toulaud,1685,1700,15
Rocher,279,300,21
Fabras,383,400,17
Lachapelle-sous-Chanéac,186,200,14
Albon-d'Ardèche,156,200,44
Aizac,154,200,46
Vinzieux,395,400,5
Ajoux,95,100,5
Saint-Sylvestre,497,500,3
Sécheras,489,500,11
Lanarce,164,200,36
Mars,276,300,24
Freyssenet,53,100,47
Labégude,1360,1400,40
Aubenas,11323,11500,177
Saint-Laurent-les-Bains,149,200,51
Chandolas,469,500,31
Nozières,271,300,29
Cornas,2253,2300,47
Tremblois-lès-Rocroi,160,200,40
Hannogne-Saint-Martin,466,500,34
Lametz,80,100,20
Sault-lès-Rethel,1882,1900,18
Champlin,77,100,23
Cernion,57,100,43
Tannay,159,200,41
Ham-sur-Meuse,252,300,48
Haudrecy,297,300,3
Fossé,55,100,45
Fléville,98,100,2
Montgon,69,100,31
Logny-Bogny,192,200,8
Margny,178,200,22
Donchery,2369,2400,31
Marquigny,73,100,27
Chatel-Chéhéry,161,200,39
Rouvroy-sur-Audry,570,600,30
Touligny,75,100,25
Auvillers-les-Forges,897,900,3
Tourcelles-Chaumont,95,100,5
Artaise-le-Vivier,59,100,41
Doumely-Bégny,95,100,5
Vaux-lès-Mouzon,84,100,16
Verpel,81,100,19
Ville-sur-Lumes,495,500,5
Leffincourt,177,200,23
Fépin,280,300,20
Thilay,1053,1100,47
Marvaux-Vieux,70,100,30
Aubrives,868,900,32
Remaucourt,154,200,46
Contreuve,65,100,35
Villers-le-Tourneur,178,200,22
Novy-Chevrières,652,700,48
Séchault,67,100,33
Écordal,293,300,7
La Chapelle,160,200,40
Lépron-les-Vallées,91,100,9
Authe,92,100,8
Aure,49,100,51
Bazeilles,1978,2000,22
Chaumont-Porcien,449,500,51
Dom-le-Mesnil,1074,1100,26
Murtin-et-Bogny,180,200,20
Corny-Machéroménil,175,200,25
Remilly-les-Pothées,253,300,47
Vaux-en-Dieulet,69,100,31
Neuville-Day,171,200,29
Grandham,57,100,43
Wignicourt,67,100,33
Regniowez,387,400,13
Chesnois-Auboncourt,173,200,27
La Sabotterie,75,100,25
Guincourt,96,100,4
Banogne-Recouvrance,160,200,40
Auge,52,100,48
Brieulles-sur-Bar,199,200,1
Maisoncelle-et-Villers,73,100,27
La Férée,85,100,15
Villers-sur-le-Mont,95,100,5
Champigneulle,58,100,42
Neufmaison,58,100,42
Sainte-Marie,88,100,12
Vireux-Molhain,1680,1700,20
Mont-Laurent,69,100,31
Brévilly,397,400,3
Tournes,1014,1100,86
Puilly-et-Charbeaux,258,300,42
Petites-Armoises,63,100,37
Le Chesne,988,1000,12
Haybes,2051,2100,49
Signy-l'Abbaye,1358,1400,42
Ville-sur-Retourne,76,100,24
Malandry,67,100,33
Cornay,83,100,17
Doux,71,100,29
Omicourt,44,100,56
Tourteron,177,200,23
Saint-Pierre-à-Arnes,65,100,35
Givet,6663,6700,37
Clavy-Warby,351,400,49
Thin-le-Moutier,557,600,43
Chilly,162,200,38
Arnicourt,164,200,36
Bignicourt,65,100,35
Rubécourt-et-Lamécourt,149,200,51
Douzy,1845,1900,55
Buzancy,375,400,25
Villers-devant-le-Thour,390,400,10
Ham-les-Moines,376,400,24
Lalobbe,185,200,15
Mont-Saint-Martin,84,100,16
Quatre-Champs,187,200,13
Brienne-sur-Aisne,181,200,19
Marby,66,100,34
Thelonne,364,400,36
Villers-sur-Bar,249,300,51
Neuville-lès-This,384,400,16
Aouste,198,200,2
Poilcourt-Sydney,180,200,20
Givron,86,100,14
Longwé,89,100,11
Quilly,84,100,16
Chalandry-Elaire,579,600,21
Guignicourt-sur-Vence,295,300,5
Monthermé,2459,2500,41
Villy,183,200,17
Chevières,50,100,50
Saint-Marceau,365,400,35
Blagny,1197,1200,3
Rocquigny,717,800,83
Omont,86,100,14
Chagny,176,200,24
Éteignières,492,500,8
Haraucourt,753,800,47
Hargnies,487,500,13
La Francheville,1587,1600,13
Harricourt,45,100,55
Maranwez,46,100,54
Barby,375,400,25
Yoncq,94,100,6
Coulommes-et-Marqueny,92,100,8
Son,96,100,4
Ardeuil-et-Montfauxelles,85,100,15
Grivy-Loisy,178,200,22
Beffu-et-le-Morthomme,74,100,26
Mondigny,181,200,19
Saint-Pierre-sur-Vence,148,200,52
Tournavaux,172,200,28
Hautes-Rivières,1647,1700,53
Beaumont-en-Argonne,465,500,35
Dricourt,83,100,17
Brécy-Brières,77,100,23
Floing,2468,2500,32
Neufmanil,1172,1200,28
Charleville-Mézières,49810,50900,1090
La Neuville-aux-Joûtes,353,400,47
Cliron,289,300,11
Sévigny-Waleppe,250,300,50
Semuy,87,100,13
Rumigny,383,400,17
Jonval,84,100,16
Maubert-Fontaine,1060,1100,40
Deux-Villes,265,300,35
Imécourt,57,100,43
Savigny-sur-Aisne,366,400,34
Biermes,273,300,27
Fumay,3697,3900,203
Aussonce,188,200,12
Matton-et-Clémency,462,500,38
Étalle,95,100,5
Revin,7214,7500,286
Saint-Pierremont,91,100,9
Saint-Quentin-le-Petit,147,200,53
Dommery,188,200,12
Vrigne-aux-Bois,3433,3500,67
Montigny-sur-Meuse,97,100,3
Fromelennes,1065,1100,35
Flize,1158,1200,42
Gruyères,72,100,28
Élan,77,100,23
Charnois,86,100,14
Carignan,3107,3200,93
Bièvres,61,100,39
Fromy,81,100,19
Arreux,364,400,36
Le Fréty,67,100,33
Vieux-lès-Asfeld,257,300,43
Le Châtelet-sur-Sormonne,169,200,31
Sachy,177,200,23
Bourcq,60,100,40
Bogny-sur-Meuse,5478,5500,22
Rubigny,76,100,24
Bouconville,51,100,49
Étrépigny,260,300,40
Raucourt-et-Flaba,855,900,45
Condé-lès-Autry,73,100,27
Chuffilly-Roche,93,100,7
Alleux,85,100,15
Vouziers,4141,4200,59
Boutancourt,277,300,23
Villers-le-Tilleul,261,300,39
Daigny,351,400,49
Hannappes,156,200,44
Estrebay,75,100,25
Pauvres,187,200,13
Bouvellemont,95,100,5
Mouzon,2303,2400,97
Écly,199,200,1
Auflance,85,100,15
Saint-Lambert-et-Mont-de-Jeux,174,200,26
Jandun,287,300,13
Suzanne,70,100,30
Mont-Saint-Remy,55,100,45
Taillette,374,400,26
Hagnicourt,71,100,29
Tailly,175,200,25
Aiglemont,1593,1600,7
Avaux,464,500,36
Mouron,81,100,19
Tétaigne,81,100,19
Moiry,191,200,9
Faux,56,100,44
Vaux-lès-Mouron,84,100,16
Senuc,149,200,51
Girondelle,153,200,47
Tagnon,939,1000,61
Grandchamp,95,100,5
Saint-Loup-Terrier,167,200,33
Chappes,94,100,6
Justine-Herbigny,168,200,32
Sormonne,564,600,36
Fligny,189,200,11
Sedan,18577,19200,623
Warnécourt,378,400,22
Vendresse,494,500,6
Montmeillant,94,100,6
La Horgne,190,200,10
Vandy,172,200,28
Grandpré,456,500,44
Margut,789,800,11
Chooz,773,800,27
La Ferté-sur-Chiers,181,200,19
Sury,97,100,3
Vrizy,341,400,59
Vaux-Villaine,192,200,8
Ménil-Annelles,96,100,4
Louvergny,80,100,20
Cauroy,183,200,17
Herbeuval,94,100,6
Signy-Montlibert,78,100,22
Sault-Saint-Remy,171,200,29
Sainte-Vaubourg,94,100,6
La Neuville-lès-Wasigny,165,200,35
Inaumont,81,100,19
Vivier-au-Court,3321,3400,79
Blanchefosse-et-Bay,155,200,45
Pouru-aux-Bois,290,300,10
Monthois,386,400,14
Fagnon,350,400,50
Sauville,270,300,30
Seuil,159,200,41
Autruche,63,100,37
Toges,94,100,6
Contrazy,61,100,39
Suc-et-Sentenac,55,100,45
Tourtouse,156,200,44
Lieurac,158,200,42
Vernajoul,691,700,9
Belloc,65,100,35
Esplas-de-Sérou,159,200,41
Lassur,62,100,38
Ségura,173,200,27
Dun,585,600,15
Benagues,456,500,44
Loubens,254,300,46
Carla-de-Roquefort,153,200,47
Engomer,274,300,26
Gajan,298,300,2
Balaguères,199,200,1
Sabarat,360,400,40
Montégut-en-Couserans,69,100,31
Bagert,59,100,41
Rouze,91,100,9
Gabre,94,100,6
Montoulieu,357,400,43
Justiniac,51,100,49
Campagne-sur-Arize,268,300,32
L'Aiguillon,392,400,8
Ax-les-Thermes,1363,1400,37
Castex,95,100,5
Mérens-les-Vals,185,200,15
Bédeille,82,100,18
Garde,184,200,16
Malegoude,48,100,52
Tabre,348,400,52
Encourtiech,99,100,1
Massat,693,700,7
Rivèrenert,188,200,12
Saint-Lary,148,200,52
Méras,97,100,3
Dreuilhe,365,400,35
Bethmale,98,100,2
Prayols,361,400,39
Montseron,82,100,18
Alliat,61,100,39
Esplas,95,100,5
Lescousse,81,100,19
Auzat,582,600,18
Boussenac,192,200,8
Orlu,190,200,10
Saint-Julien-de-Gras-Capou,62,100,38
Camon,166,200,34
La Bastide-de-Sérou,958,1000,42
Allières,61,100,39
L'Hospitalet-près-l'Andorre,94,100,6
Pailhès,396,400,4
Cérizols,154,200,46
Aulos,55,100,45
Arabaux,59,100,41
Sentenac-d'Oust,93,100,7
Durfort,163,200,37
Bénaix,155,200,45
Montfa,81,100,19
Roquefort-les-Cascades,97,100,3
Prades,47,100,53
Couflens,82,100,18
Vals,91,100,9
Baulou,160,200,40
Sorgeat,95,100,5
Niaux,195,200,5
Saint-Girons,6500,6600,100
Saint-Lizier,1453,1500,47
Nescus,73,100,27
Lavelanet,6525,6700,175
Biert,294,300,6
Camarade,180,200,20
Artigues,50,100,50
Sieuras,73,100,27
La Bastide-de-Lordat,264,300,36
Troye-d'Ariège,95,100,5
Saint-Michel,73,100,27
Serres-sur-Arget,787,800,13
Seix,790,800,10
Pamiers,15372,15900,528
Garanou,168,200,32
Arrout,75,100,25
La Bastide-de-Besplas,390,400,10
Betchat,364,400,36
Saint-Pierre-de-Rivière,692,700,8
Mijanès,91,100,9
Ludiès,75,100,25
Capoulet-et-Junac,184,200,16
Coutens,158,200,42
Dalou,782,800,18
Illartein,83,100,17
Sainte-Croix-Volvestre,650,700,50
Bénac,172,200,28
Régat,83,100,17
Taurignan-Castet,167,200,33
Carcanières,72,100,28
Lacourt,198,200,2
Villeneuve-d'Olmes,1125,1200,75
Durban-sur-Arize,163,200,37
Saint-Martin-d'Oydes,261,300,39
Montels,161,200,39
Montaut,684,700,16
Saint-Bauzeil,64,100,36
Teilhet,172,200,28
Cos,375,400,25
Péreille,193,200,7
Ganac,692,700,8
Luzenac,551,600,49
Orgibet,165,200,35
Bordes-sur-Lez,170,200,30
Prat-Bonrepaux,834,900,66
Moulis,789,800,11
Vira,172,200,28
Brie,191,200,9
Freychenet,95,100,5
Château-Verdun,49,100,51
Aucazein,64,100,36
Le Pla,46,100,54
Tarascon-sur-Ariège,3468,3500,32
Antras,62,100,38
Le Peyrat,479,500,21
Mauvezin-de-Prat,89,100,11
Clermont,95,100,5
Rimont,584,600,16
Augirein,64,100,36
Ercé,560,600,40
Argein,177,200,23
Gourbit,93,100,7
Quié,293,300,7
Caussou,65,100,35
Siguer,99,100,1
Orgeix,88,100,12
Saint-Quirc,374,400,26
Chennegy,451,500,49
Fontaine,285,300,15
Magnant,179,200,21
Herbisse,177,200,23
Granges,81,100,19
Crésantignes,285,300,15
Bagneux-la-Fosse,175,200,25
Fontaine-les-Grès,863,900,37
Saint-Jean-de-Bonneval,371,400,29
Vitry-le-Croisé,256,300,44
Bernon,196,200,4
Dampierre,292,300,8
Poligny,77,100,23
Bourguignons,276,300,24
Villiers-sous-Praslin,74,100,26
Chauchigny,254,300,46
Précy-Notre-Dame,81,100,19
Brienne-la-Vieille,451,500,49
Saint-Usage,87,100,13
Lhuître,279,300,21
Lagesse,180,200,20
Vougrey,46,100,54
Fralignes,76,100,24
Saint-Léger-sous-Brienne,393,400,7
Coursan-en-Othe,99,100,1
Échemines,81,100,19
Bligny,194,200,6
Bayel,854,900,46
Neuville-sur-Seine,397,400,3
Brillecourt,92,100,8
Champigny-sur-Aube,88,100,12
Villery,273,300,27
Nogent-sur-Seine,6064,6100,36
Thieffrain,161,200,39
Assenay,151,200,49
Coussegrey,159,200,41
Juvancourt,148,200,52
Saint-Martin-de-Bossenay,381,400,19
Bouy-sur-Orvin,57,100,43
Maizières-lès-Brienne,183,200,17
Dierrey-Saint-Julien,258,300,42
Mussy-sur-Seine,1119,1200,81
Auxon,965,1000,35
Croûtes,98,100,2
Saint-Aubin,595,600,5
Racines,175,200,25
Loches-sur-Ource,370,400,30
Saint-Flavy,267,300,33
Magnicourt,67,100,33
Dommartin-le-Coq,60,100,40
Saint-Nicolas-la-Chapelle,77,100,23
Vaucogne,78,100,22
Jeugny,461,500,39
Mergey,678,700,22
Mesnil-Lettre,59,100,41
Brienne-le-Château,3060,3100,40
Rumilly-lès-Vaudes,474,500,26
Ailleville,276,300,24
Pont-sur-Seine,995,1000,5
Torcy-le-Petit,81,100,19
Jaucourt,174,200,26
Saint-Germain,2276,2300,24
Fontette,183,200,17
Fuligny,52,100,48
Plessis-Barbuise,155,200,45
Pont-Sainte-Marie,4786,4800,14
Balnot-sur-Laignes,159,200,41
La Loge-aux-Chèvres,83,100,17
Chamoy,482,500,18
Buxières-sur-Arce,157,200,43
Baroville,342,400,58
Perthes-lès-Brienne,83,100,17
Jessains,296,300,4
Coclois,189,200,11
Avant-lès-Marcilly,499,500,1
Fontenay-de-Bossery,78,100,22
Montigny-les-Monts,256,300,44
Charmoy,67,100,33
Romilly-sur-Seine,13526,13800,274
Balnot-la-Grange,139,200,61
Proverville,255,300,45
Polisy,173,200,27
Amance,275,300,25
Thil,154,200,46
Saint-Léger-sous-Margerie,54,100,46
Fravaux,46,100,54
Villy-en-Trodes,284,300,16
Pougy,279,300,21
Noës-près-Troyes,3173,3200,27
Buchères,1395,1400,5
Poivres,161,200,39
Thors,75,100,25
Balignicourt,77,100,23
Metz-Robert,52,100,48
Urville,158,200,42
Hampigny,257,300,43
Blaincourt-sur-Aube,96,100,4
Chaudrey,153,200,47
Chavanges,667,700,33
Arrelles,87,100,13
Saint-Loup-de-Buffigny,194,200,6
Praslin,87,100,13
Vallentigny,192,200,8
Plaines-Saint-Lange,293,300,7
Voigny,183,200,17
Villeret,65,100,35
Donnement,82,100,18
Saint-Parres-aux-Tertres,2842,2900,58
Chaumesnil,88,100,12
Longpré-le-Sec,77,100,23
Saulcy,84,100,16
Davrey,267,300,33
Bar-sur-Aube,5259,5400,141
Épothémont,177,200,23
Avon-la-Pèze,188,200,12
Villiers-Herbisse,91,100,9
Maraye-en-Othe,493,500,7
Chervey,184,200,16
Allibaudières,268,300,32
Maisons-lès-Chaource,182,200,18
Marcilly-le-Hayer,677,700,23
Meurville,179,200,21
Villy-le-Bois,64,100,36
Salon,150,200,50
Pars-lès-Romilly,780,800,20
Pars-lès-Chavanges,73,100,27
Courtaoult,83,100,17
Ramerupt,386,400,14
Cormost,292,300,8
Champfleury,146,200,54
Bossancourt,198,200,2
Joncreuil,83,100,17
Lassicourt,69,100,31
Villeneuve-au-Chemin,180,200,20
Rilly-Sainte-Syre,254,300,46
Saint-Mesmin,897,900,3
La Louptière-Thénard,282,300,18
Torvilliers,875,900,25
Vinets,179,200,21
Saint-Hilaire-sous-Romilly,370,400,30
Macey,880,900,20
Vallant-Saint-Georges,387,400,13
Riceys,1349,1400,51
La Loge-Pomblin,67,100,33
Bérulle,264,300,36
Grandes-Chapelles,377,400,23
Fontvannes,597,600,3
Trancault,181,200,19
Lentilles,90,100,10
Troyes,60280,61500,1220
Montmartin-le-Haut,60,100,40
Ville-sous-la-Ferté,1119,1300,181
Courteranges,585,600,15
Celles-sur-Ource,487,500,13
Maisons-lès-Soulaines,80,100,20
Chacenay,62,100,38
Saint-Thibault,465,500,35
Le Mériot,574,600,26
Vernonvilliers,80,100,20
Javernant,162,200,38
Radonvilliers,393,400,7
Ossey-les-Trois-Maisons,598,600,2
Bar-sur-Seine,3233,3400,167
Lesmont,340,400,60
Avreuil,160,200,40
Trannes,250,300,50
Beurey,189,200,11
Ormes,197,200,3
Chappes,297,300,3
Fays-la-Chapelle,148,200,52
Bertignolles,67,100,33
Jasseines,170,200,30
Bragelogne-Beauvoir,263,300,37
Villy-le-Maréchal,167,200,33
Isle-Aubigny,165,200,35
Yèvres-le-Petit,74,100,26
Rigny-le-Ferron,375,400,25
La Motte-Tilly,380,400,20
Jully-sur-Sarce,296,300,4
Saint-Remy-sous-Barbuise,190,200,10
Montiéramey,441,500,59
Labastide-en-Val,93,100,7
Salsigne,372,400,28
Cassaignes,68,100,32
Floure,367,400,33
Talairan,375,400,25
Cabrespine,180,200,20
Saint-Martin-Lalande,1090,1100,10
Villar-Saint-Anselme,95,100,5
Embres-et-Castelmaure,163,200,37
Saint-Paulet,177,200,23
Verdun-en-Lauragais,259,300,41
Fourtou,62,100,38
Escales,374,400,26
Fanjeaux,779,800,21
Rennes-le-Château,72,100,28
La Digne-d'Amont,284,300,16
Carcassonne,47419,47600,181
Quillan,3301,3400,99
Cuxac-d'Aude,4253,4400,147
Taurize,78,100,22
Routier,252,300,48
Arquettes-en-Val,97,100,3
Soupex,265,300,35
Ladern-sur-Lauquet,259,300,41
Ricaud,294,300,6
Molleville,91,100,9
Tourouzelle,477,500,23
Generville,57,100,43
Saint-Martin-Lys,40,100,60
Villautou,57,100,43
Fonters-du-Razès,90,100,10
Montjardin,98,100,2
Peyriac-Minervois,1087,1100,13
Belvis,182,200,18
Cailla,53,100,47
Treilles,182,200,18
Montfort-sur-Boulzane,91,100,9
Montauriol,77,100,23
Caunettes-en-Val,50,100,50
Tournissan,271,300,29
Villeneuve-les-Corbières,267,300,33
Ginoles,356,400,44
Monze,195,200,5
Caux-et-Sauzens,782,800,18
Villardebelle,68,100,32
Mayreville,75,100,25
Feuilla,98,100,2
Termes,48,100,52
Belvianes-et-Cavirac,288,300,12
Villerouge-Termenès,155,200,45
Argens-Minervois,376,400,24
Fournes-Cabardès,63,100,37
Gourvieille,56,100,44
Saint-Papoul,769,800,31
Escueillens-et-Saint-Just-de-Bélengard,190,200,10
Serres,48,100,52
Rennes-les-Bains,196,200,4
Montgaillard,56,100,44
Saint-Couat-d'Aude,394,400,6
Coustaussa,56,100,44
Roullens,495,500,5
Orsans,92,100,8
Mézerville,82,100,18
Courtauly,74,100,26
La Louvière-Lauragais,79,100,21
Saint-Just-et-le-Bézu,65,100,35
Mireval-Lauragais,164,200,36
La Pomarède,162,200,38
Puichéric,1082,1100,18
Marquein,76,100,24
Saint-Amans,62,100,38
Peyrefitte-du-Razès,51,100,49
Lacombe,170,200,30
Labastide-Esparbairenque,85,100,15
Montréal,1921,2000,79
Coudons,48,100,52
Gaja-et-Villedieu,293,300,7
Couiza,1147,1200,53
Albas,74,100,26
Belcastel-et-Buc,71,100,29
Montferrand,496,500,4
Montirat,71,100,29
Homps,694,700,6
Saint-Julien-de-Briola,79,100,21
Pennautier,2465,2500,35
Malves-en-Minervois,784,800,16
Rouffiac-des-Corbières,75,100,25
Caudeval,179,200,21
Malviès,379,400,21
Saint-Pierre-des-Champs,172,200,28
Conilhac-de-la-Montagne,61,100,39
Payra-sur-l'Hers,168,200,32
Saint-Denis,494,500,6
Saint-Jean-de-Barrou,281,300,19
Roquefort-de-Sault,79,100,21
Montclar,194,200,6
Camps-sur-l'Agly,78,100,22
Montgradail,59,100,41
La Cassaigne,196,200,4
Puilaurens,260,300,40
Villesèque-des-Corbières,396,400,4
Citou,82,100,18
Artigues,83,100,17
Villedaigne,452,500,48
Ajac,198,200,2
Saint-Polycarpe,159,200,41
La Digne-d'Aval,537,600,63
Bouisse,93,100,7
Fontcouverte,534,600,66
Montolieu,766,800,34
Ventenac-Cabardès,848,900,52
Villarzel-Cabardès,191,200,9
Pech-Luna,98,100,2
Laurac,180,200,20
La Serpent,76,100,24
Fendeille,565,600,35
Saissac,929,1000,71
Lagrasse,583,600,17
Villespy,346,400,54
Donazac,93,100,7
Issel,465,500,35
Rieux-en-Val,87,100,13
Jonquières,61,100,39
Berriac,885,900,15
Roubia,477,500,23
Axat,640,700,60
Missègre,66,100,34
Pradelles-Cabardès,151,200,49
Fenouillet-du-Razès,88,100,12
Martys,271,300,29
Brézilhac,169,200,31
Caudebronde,182,200,18
Roquefeuil,277,300,23
Laroque-de-Fa,149,200,51
Nébias,270,300,30
Mazerolles-du-Razès,175,200,25
Saint-Louis-et-Parahou,62,100,38
Lauraguel,587,600,13
Palaja,2135,2200,65
Cailhau,255,300,45
Laprade,93,100,7
Bize-Minervois,1081,1100,19
Montséret,498,500,2
Greffeil,87,100,13
Peyrolles,83,100,17
Badens,746,800,54
Sougraigne,82,100,18
Trèbes,5308,5500,192
Salvezines,74,100,26
Coustouge,95,100,5
Saint-Couat-du-Razès,55,100,45
Villemagne,283,300,17
Coursan,6050,6100,50
Marseillette,677,700,23
Durban-Corbières,684,700,16
Roquefère,72,100,28
Escouloubre,95,100,5
Lastours,165,200,35
Espéraza,2081,2100,19
Cazalrenoux,77,100,23
Albières,98,100,2
Bessède-de-Sault,56,100,44
Quintillan,65,100,35
Gaja-la-Selve,152,200,48
Arques,275,300,25
Peyrefitte-sur-l'Hers,75,100,25
Saint-Gaudéric,76,100,24
Villarzel-du-Razès,96,100,4
Sonnac-sur-l'Hers,159,200,41
Ilhes,51,100,49
Murasson,194,200,6
Alpuech,77,100,23
Saint-Saturnin-de-Lenne,344,400,56
La Salvetat-Peyralès,1066,1100,34
La Capelle-Balaguier,276,300,24
Tayrac,170,200,30
Agen-d'Aveyron,1077,1100,23
Lapanouse,753,800,47
Najac,754,800,46
Le Vibal,470,500,30
Le Nayrac,551,600,49
Saint-Laurent-de-Lévézou,155,200,45
Réquista,2026,2100,74
Ambeyrac,185,200,15
Vimenet,257,300,43
Saint-Rome-de-Cernon,772,800,28
Laissac,1580,1600,20
Sauveterre-de-Rouergue,799,800,1
Auriac-Lagast,241,300,59
Peyreleau,78,100,22
Saint-Hippolyte,445,500,55
Sébazac-Concourès,3069,3100,31
Montpeyroux,559,600,41
Tauriac-de-Camarès,61,100,39
Salles-Curan,1067,1100,33
Villefranche-de-Panat,761,800,39
Bertholène,999,1000,1
Auzits,862,900,38
Rebourguil,273,300,27
Thérondels,444,500,56
Entraygues-sur-Truyère,1168,1200,32
Rodelle,976,1000,24
Cransac,1645,1700,55
Lacroix-Barrez,489,500,11
Saint-Salvadou,395,400,5
Saint-Santin,546,600,54
Saint-Amans-des-Cots,772,800,28
Saint-Igest,177,200,23
Laguiole,1256,1300,44
Rullac-Saint-Cirq,382,400,18
Saint-Jean-et-Saint-Paul,266,300,34
Saint-Félix-de-Sorgues,198,200,2
Camarès,976,1000,24
Le Clapier,75,100,25
Campuac,457,500,43
Asprières,683,700,17
Saint-Laurent-d'Olt,648,700,52
Compolibat,397,400,3
Campagnac,455,500,45
Nauviale,569,600,31
Sylvanès,96,100,4
Rodez,23917,24500,583
Soulages-Bonneval,272,300,28
La Capelle-Bonance,91,100,9
Prades-Salars,279,300,21
La Selve,652,700,48
Arvieu,865,900,35
Crespin,256,300,44
Saint-Jean-du-Bruel,682,700,18
Gabriac,487,500,13
Firmi,2517,2600,83
Taussac,457,500,43
Viviez,1375,1400,25
Rieupeyroux,2084,2100,16
Campouriez,383,400,17
Espalion,4341,4500,159
Laval-Roquecezière,293,300,7
Durenque,553,600,47
Mélagues,64,100,36
La Couvertoirade,175,200,25
Bor-et-Bar,188,200,12
Montjaux,386,400,14
La Capelle-Bleys,390,400,10
Le Fel,163,200,37
Lescure-Jaoul,255,300,45
Millau,21887,21900,13
Capdenac-Gare,4457,4600,143
Brommat,693,700,7
Creissels,1474,1500,26
Saint-Georges-de-Luzençon,1567,1700,133
Ségur,578,600,22
Mounes-Prohencoux,184,200,16
Saint-Sernin-sur-Rance,694,700,6
Pruines,284,300,16
Roquefort-sur-Soulzon,666,700,34
Aurelle-Verlac,165,200,35
Montlaur,650,700,50
La Terrisse,164,200,36
La Roque-Sainte-Marguerite,198,200,2
Curières,234,300,66
Saint-Jean-d'Alcapiès,258,300,42
Decazeville,6012,6200,188
Buzeins,186,200,14
Aubin,4044,4200,156
Lunac,439,500,61
Noailhac,174,200,26
Viala-du-Pas-de-Jaux,99,100,1
Sénergues,474,500,26
Morlhon-le-Haut,560,600,40
Montézic,248,300,52
Colombiès,951,1000,49
Conques,275,300,25
Le Cayrol,275,300,25
Salvagnac-Cajarc,356,400,44
Tauriac-de-Naucelle,375,400,25
Villeneuve,1947,2000,53
Pradinas,372,400,28
Almont-les-Junies,487,500,13
Mostuéjouls,291,300,9
Tournemire,393,400,7
Sauclières,173,200,27
Belmont-sur-Rance,998,1000,2
Marcillac-Vallon,1667,1700,33
Valzergues,196,200,4
Fayet,260,300,40
Brousse-le-Château,155,200,45
Saint-Victor-et-Melvieu,381,400,19
Montagnol,158,200,42
Coupiac,449,500,51
Recoules-Prévinquières,471,500,29
Lacalm,197,200,3
Pierrefiche,275,300,25
Saint-Côme-d'Olt,1365,1400,35
Bozouls,2759,2800,41
Olemps,3182,3200,18
Costes-Gozon,176,200,24
Cassis,7722,7800,78
Peynier,2943,3000,57
Aureille,1499,1500,1
Barbentane,3791,3800,9
Saint-Rémy-de-Provence,10617,10700,83
Éguilles,7554,7600,46
Istres,42544,42600,56
Aix-en-Provence,141438,142700,1262
Marseille,850726,851400,674
Eyragues,4170,4300,130
Le Puy-Sainte-Réparade,5299,5300,1
La Barben,684,700,16
Saint-Chamas,7778,7800,22
Rognac,11770,12200,430
Plan-de-Cuques,10917,11100,183
Arles,52661,52700,39
Gignac-la-Nerthe,9018,9200,182
Vitrolles,35021,36600,1579
Tarascon,13297,13300,3
Miramas,25368,25600,232
Saint-Paul-lès-Durance,985,1000,15
Fos-sur-Mer,15357,15400,43
Saint-Pierre-de-Mézoargues,242,300,58
Pennes-Mirabeau,19482,20200,718
Eygalières,1775,1800,25
Saint-Andiol,3189,3200,11
Saintes-Maries-de-la-Mer,2296,2300,4
Simiane-Collongue,5435,5800,365
Carnoux-en-Provence,6862,7000,138
Ventabren,4581,4800,219
Gardanne,20474,21100,626
Berre-l'Étang,13582,13900,318
Auriol,11764,12000,236
Saint-Pierre-Canivet,377,400,23
Vieux-Bourg,84,100,16
Englesqueville-la-Percée,86,100,14
Grentheville,919,1000,81
Authieux-sur-Calonne,294,300,6
Grimbosq,269,300,31
Tour-en-Bessin,590,600,10
Saint-Georges-en-Auge,96,100,4
La Folletière-Abenon,154,200,46
Pierres,197,200,3
Maisoncelles-la-Jourdan,472,500,28
Bonneville-sur-Touques,395,400,5
Équemauville,1280,1300,20
Auberville,487,500,13
Castilly,287,300,13
La Bazoque,158,200,42
Vouilly,164,200,36
Ernes,297,300,3
Courcy,151,200,49
Saint-Pierre-la-Vieille,363,400,37
Livarot,2269,2300,31
Saint-Gatien-des-Bois,1363,1400,37
Amfreville,1185,1200,15
Écrammeville,199,200,1
Roullours,871,900,29
Bernesq,195,200,5
Ablon,1189,1200,11
Le Breuil-en-Bessin,399,400,1
Saint-Pierre-Azif,176,200,24
Bucéels,382,400,18
Ryes,496,500,4
Heuland,90,100,10
Bavent,1734,1800,66
Mittois,165,200,35
Soulangy,258,300,42
Bons-Tassilly,385,400,15
Saint-Jouin,195,200,5
Le Mesnil-Patry,299,300,1
Pierrefitte-en-Cinglais,260,300,40
Cintheaux,188,200,12
Bretteville-le-Rabet,258,300,42
Montigny,97,100,3
Saint-Germain-du-Pert,180,200,20
Le Mesnil-Germain,265,300,35
Thaon,1492,1500,8
Saint-André-d'Hébertot,455,500,45
Fontaine-Henry,478,500,22
Villiers-le-Sec,291,300,9
Le Désert,81,100,19
Léaupartie,82,100,18
Leffard,171,200,29
Garcelles-Secqueville,770,800,30
Grainville-Langannerie,676,700,24
Fontenay-le-Marmion,1551,1600,49
Lénault,189,200,11
Asnières-en-Bessin,58,100,42
Basseneville,260,300,40
Lessard-et-le-Chêne,154,200,46
Pontécoulant,92,100,8
Le Mesnil-Simon,155,200,45
Montchauvet,366,400,34
Sainte-Marie-Outre-l'Eau,81,100,19
Blainville-sur-Orne,5813,6000,187
Le Marais-la-Chapelle,92,100,8
Lingèvres,492,500,8
Fresney-le-Vieux,274,300,26
Saint-Loup-de-Fribois,183,200,17
La Vacquerie,288,300,12
Donnay,182,200,18
Louvières,68,100,32
Martragny,369,400,31
Luc-sur-Mer,3099,3200,101
Anguerny,768,800,32
Tournières,182,200,18
Moutiers-Hubert,49,100,51
Saint-Désir,1662,1700,38
Vire,11999,12200,201
Colombiers-sur-Seulles,170,200,30
Saint-Sever-Calvados,1368,1400,32
Vienne-en-Bessin,281,300,19
Campigny,186,200,14
Colleville-Montgomery,2169,2200,31
Goustranville,188,200,12
Tournay-sur-Odon,365,400,35
Caumont-sur-Orne,84,100,16
Litteau,261,300,39
Le Theil-en-Auge,182,200,18
Le Theil-Bocage,244,300,56
Bissières,178,200,22
Barbeville,180,200,20
Valsemé,280,300,20
Cully,165,200,35
Burcy,372,400,28
La Rocque,94,100,6
Juaye-Mondaye,678,700,22
La Lande-sur-Drôme,64,100,36
Cesny-Bois-Halbout,644,700,56
Benerville-sur-Mer,483,500,17
Maisoncelles-Pelvey,261,300,39
Amblie,262,300,38
Saint-Germain-de-Montgommery,159,200,41
Estry,355,400,45
Langrune-sur-Mer,1779,1800,21
Bellou,155,200,45
Mesnil-Clinchamps,985,1000,15
Barou-en-Auge,95,100,5
Sainte-Marguerite-des-Loges,190,200,10
La Villette,194,200,6
Saint-Hymer,671,700,29
Cormolain,394,400,6
Cricqueville-en-Bessin,192,200,8
Cheux,1267,1300,33
Pont-Bellanger,65,100,35
Fourneaux-le-Val,175,200,25
Condé-sur-Noireau,5422,5600,178
Soumont-Saint-Quentin,560,600,40
Saint-Pierre-du-Bû,462,500,38
Banneville-sur-Ajon,379,400,21
Moulines,252,300,48
Villerville,765,800,35
Monteille,165,200,35
Le Gast,232,300,68
Grandchamp-le-Château,68,100,32
Le Fournet,59,100,41
Le Détroit,91,100,9
Colombelles,5585,5900,315
Martainville,96,100,4
Neuilly-la-Forêt,464,500,36
Clarbec,383,400,17
Bretteville-sur-Dives,295,300,5
Pierrepont,94,100,6
Deauville,3866,4000,134
Commes,399,400,1
Bréville-les-Monts,656,700,44
Sassy,184,200,16
Bernières-sur-Mer,2331,2400,69
Saint-Étienne-la-Thillaye,492,500,8
Saint-Laurent-du-Mont,194,200,6
Putot-en-Bessin,389,400,11
Lisieux,21640,22100,460
Juvigny-sur-Seulles,70,100,30
May-sur-Orne,1823,1900,77
Saint-Pierre-des-Ifs,470,500,30
Saint-Manvieu-Bocage,569,600,31
Louvagny,67,100,33
Tournebu,376,400,24
Saint-Marcouf,96,100,4
Le Tourneur,599,600,1
Cerqueux,95,100,5
Saint-Pierre-du-Mont,74,100,26
Cauville,148,200,52
Maisons,396,400,4
Le Mesnil-sur-Blangy,173,200,27
Orbec,2344,2400,56
Saint-Germain-de-Tallevende-la-Lande-Vaumont,1969,2000,31
Magny-la-Campagne,584,600,16
Cricquebœuf,198,200,2
Saint-Rémy,1079,1100,21
Monceaux,181,200,19
Noyers-Bocage,1094,1100,6
Le Mesnil-Villement,291,300,9
Colleville-sur-Mer,177,200,23
Surrain,162,200,38
Livry,782,800,18
Le Reculey,259,300,41
Ouffières,189,200,11
Vaux-sur-Seulles,292,300,8
Quetteville,375,400,25
Le Vey,91,100,9
Saint-Martin-de-la-Lieue,832,900,68
Olendon,189,200,11
Verson,3596,3600,4
Sainte-Marguerite-d'Elle,757,800,43
Meulles,396,400,4
Loges-Saulces,172,200,28
Cricqueville-en-Auge,185,200,15
Ver-sur-Mer,1572,1600,28
Cabourg,3889,4000,111
Montamy,90,100,10
Brouay,472,500,28
Beaumont-en-Auge,450,500,50
Falaise,8279,8400,121
Cuverville,2051,2100,49
Ranville,1633,1700,67
Lison,484,500,16
Hiéville,290,300,10
Bayeux,13222,13500,278
Sainte-Honorine-des-Pertes,587,600,13
Tierceville,174,200,26
Périers-sur-le-Dan,490,500,10
Bretteville-sur-Odon,4091,4100,9
Repentigny,89,100,11
Sallen,297,300,3
Mondeville,9450,9900,450
Saint-Pierre-de-Mailloc,496,500,4
Hérouville-Saint-Clair,21434,22300,866
Périgny,55,100,45
Colomby-sur-Thaon,388,400,12
Corbon,66,100,34
Anisy,666,700,34
Rumesnil,93,100,7
Goupillières,166,200,34
Soliers,2156,2200,44
Saint-Martin-de-Mailloc,883,900,17
Roucamps,194,200,6
Sainte-Croix-Grand-Tonne,295,300,5
Hermival-les-Vaux,843,900,57
La Bigne,197,200,3
Glos,886,900,14
Parfouru-sur-Odon,175,200,25
Deux-Jumeaux,73,100,27
La Hoguette,689,700,11
Potigny,1783,1800,17
Presles,264,300,36
Beaumais,174,200,26
Saint-Julien-sur-Calonne,190,200,10
Caen,108954,109900,946
Authie,1394,1400,6
Épron,1532,1600,68
Cagny,1414,1500,86
Fierville-Bray,492,500,8
Glanville,176,200,24
Graye-sur-Mer,646,700,54
Isles-Bardel,65,100,35
Étréham,278,300,22
Saint-Philbert-des-Champs,688,700,12
Sallenelles,282,300,18
Lantheuil,653,700,47
Le Mesnil-au-Grain,63,100,37
Cesny-aux-Vignes,364,500,136
Fumichon,273,300,27
Cambes-en-Plaine,1387,1400,13
Notre-Dame-d'Estrées,168,200,32
Asnelles,579,600,21
Saint-Aubin-d'Arquenay,793,800,7
Norolles,249,300,51
Marolles,689,700,11
Danestal,283,300,17
Longueville,281,300,19
Saint-Omer,171,200,29
Saint-Ouen-le-Pin,285,300,15
Montviette,177,200,23
Canteloup,196,200,4
Saint-Germain-de-Livet,785,800,15
Montfiquet,83,100,17
Danvou-la-Ferrière,165,200,35
Saint-Louet-sur-Seulles,189,200,11
Saint-Martin-de-Sallen,597,600,3
Bonnemaison,375,400,25
Le Plessis-Grimoult,359,400,41
Vicques,55,100,45
Honfleur,8093,8200,107
Secqueville-en-Bessin,355,400,45
Fourneville,498,500,2
Le Mesnil-Benoist,52,100,48
Beaulieu,174,200,26
Touffréville,290,300,10
Saint-Julien-de-Mailloc,495,500,5
Courseulles-sur-Mer,4153,4200,47
Villy-Bocage,772,800,28
Champ-du-Boult,383,400,17
Putot-en-Auge,293,300,7
Gerrots,54,100,46
Vignats,272,300,28
Touques,3995,4000,5
Le Locheur,273,300,27
Authieux-Papion,62,100,38
Blangy-le-Château,686,700,14
Arromanches-les-Bains,587,600,13
Acqueville,186,200,14
Saint-Léger-Dubosq,175,200,25
Saint-Charles-de-Percy,193,200,7
Cottun,181,200,19
Saint-Martin-des-Besaces,1161,1200,39
Tordouet,271,300,29
Saint-Pierre-du-Fresne,199,200,1
La Rivière-Saint-Sauveur,1951,2000,49
Janville,362,400,38
Sainte-Marguerite-de-Viette,394,400,6
Cresseveuille,279,300,21
Grandcamp-Maisy,1752,1800,48
Bernières-d'Ailly,258,300,42
Poussy-la-Campagne,94,100,6
Lécaude,151,200,49
Courtonne-la-Meurdrac,694,700,6
Russy,178,200,22
Hottot-les-Bagues,484,500,16
Saint-Ouen-le-Houx,82,100,18
Reviers,564,600,36
Éterville,1376,1400,24
Bernières-le-Patry,569,600,31
Vassy,1786,1800,14
Trouville-sur-Mer,4821,4900,79
Formigny,257,300,43
Longues-sur-Mer,648,700,52
Le Tronquay,751,800,49
Chaudes-Aigues,926,1000,74
Cézens,251,300,49
Champagnac,1062,1100,38
Lacapelle-Viescamp,468,500,32
Paulhenc,258,300,42
Collandres,173,200,27
Talizat,580,600,20
Freix-Anglards,195,200,5
Aurillac,27924,28600,676
Charmensac,86,100,14
Saint-Martin-sous-Vigouroux,243,300,57
Vitrac,290,300,10
Condat,996,1000,4
Le Trioulou,88,100,12
Pradiers,92,100,8
Le Rouget,981,1000,19
Saint-Martin-Valmeroux,846,900,54
Peyrusse,164,200,36
Jaleyrac,374,400,26
Antignac,282,300,18
Saint-Chamant,256,300,44
Joursac,153,200,47
Deux-Verges,57,100,43
Escorailles,71,100,29
Cheylade,277,300,23
Saint-Martial,64,100,36
Mandailles-Saint-Julien,197,200,3
Saint-Vincent-de-Salers,73,100,27
Narnhac,75,100,25
Fournoulès,63,100,37
Saint-Illide,660,700,40
Arnac,152,200,48
Saint-Cernin,1076,1100,24
Vèze,66,100,34
Dienne,261,300,39
Vernols,67,100,33
Salins,154,200,46
Sourniac,192,200,8
Allanche,891,900,9
Ayrens,564,600,36
Trémouille,189,200,11
Paulhac,456,500,44
Neussargues-Moissac,968,1000,32
Lacapelle-Barrès,58,100,42
Gourdièges,64,100,36
Lafeuillade-en-Vézie,579,600,21
Pailherols,159,200,41
Murat,1983,2000,17
Marchastel,154,200,46
Molèdes,98,100,2
Brageac,72,100,28
Mauriac,3836,3900,64
Molompize,299,300,1
Le Monteil,260,300,40
Laroquevieille,375,400,25
Valette,262,300,38
Méallet,168,200,32
Polminhac,1092,1100,8
Lugarde,159,200,41
Saint-Pierre,168,200,32
Saint-Mary-le-Plain,154,200,46
Barriac-les-Bosquets,163,200,37
Espinasse,72,100,28
Saint-Clément,64,100,36
Vic-sur-Cère,1982,2000,18
Jabrun,147,200,53
Vieillespesse,257,300,43
Ladinhac,493,500,7
Saint-Urcize,487,500,13
Sauvat,193,200,7
Saint-Martin-Cantalès,166,200,34
Roffiac,584,600,16
Chaliers,197,200,3
Pleaux,1590,1600,10
Saint-Simon,1082,1100,18
Saint-Georges,1083,1100,17
Girgols,77,100,23
Montsalvy,875,900,25
Sénezergues,195,200,5
Soulages,89,100,11
Ally,658,700,42
Lorcières,187,200,13
Riom-ès-Montagnes,2698,2700,2
Fridefont,96,100,4
Laurie,96,100,4
Le Vaulmier,70,100,30
Trizac,529,600,71
Laveissière,587,600,13
Neuvéglise,1108,1200,92
Ussel,484,500,16
Ydes,1844,1900,56
Yolet,575,600,25
Saint-Constant,559,600,41
Auzers,186,200,14
Oradour,279,300,21
Laroquebrou,814,900,86
Celoux,78,100,22
Laveissenet,97,100,3
Velzic,394,400,6
Drugeac,353,400,47
Moussages,269,300,31
Saint-Marc,83,100,17
Leynhac,356,400,44
Le Falgoux,144,200,56
Calvinet,483,500,17
Labesserette,264,300,36
Montboudif,186,200,14
Salers,358,400,42
Arches,182,200,18
Saint-Étienne-de-Maurs,785,800,15
Vebret,489,500,11
Maurs,2182,2200,18
Sansac-de-Marmiesse,1294,1300,6
Vezels-Roussy,149,200,51
Saint-Ciers-sur-Bonnieure,297,300,3
La Chapelle,199,200,1
Linars,2060,2100,40
Exideuil,1078,1100,22
Deviat,166,200,34
Verteuil-sur-Charente,609,700,91
Saint-Même-les-Carrières,1099,1100,1
Soyaux,9561,10300,739
Saint-Laurent-de-Cognac,876,900,24
Vignolles,187,200,13
Roumazières-Loubert,2527,2600,73
Nabinaud,81,100,19
Marcillac-Lanville,594,600,6
Fontclaireau,399,400,1
Puyréaux,490,500,10
Saint-Amant,683,700,17
Coulgens,495,500,5
Touzac,447,500,53
Boutiers-Saint-Trojan,1388,1400,12
Massignac,386,400,14
Châteauneuf-sur-Charente,3418,3500,82
Brigueuil,1052,1100,48
Torsac,770,800,30
Montembœuf,682,700,18
Ruffec,3545,3600,55
Oradour-Fanais,380,400,20
Rancogne,384,400,16
Châteaubernard,3829,3900,71
Saint-Laurent-des-Combes,97,100,3
Juignac,399,400,1
Tusson,261,300,39
Saint-Eutrope,176,200,24
Saint-Maurice-des-Lions,952,1000,48
Aigre,1076,1100,24
Médillac,153,200,47
Bonnes,378,400,22
Villejésus,571,600,29
Courlac,66,100,34
Saint-Bonnet,372,400,28
Benest,352,400,48
Lesterps,479,500,21
Condéon,564,600,36
Segonzac,2143,2200,57
Chalais,1844,1900,56
Palluaud,247,300,53
Adjots,492,500,8
Cressac-Saint-Genis,148,200,52
Le Bouchage,167,200,33
Charmé,368,400,32
Saint-Vallier,144,200,56
Champagne-Mouton,963,1000,37
Sireuil,1175,1200,25
Saint-Claud,1070,1100,30
Bonneuil,269,300,31
Voulgézac,266,300,34
Saint-Germain-de-Confolens,90,100,10
Vaux-Lavalette,99,100,1
Mosnac,470,500,30
Auge-Saint-Médard,299,300,1
Taponnat-Fleurignac,1489,1500,11
Saint-Fraigne,455,500,45
Mainfonds,191,200,9
La Rochefoucauld,2997,3200,203
Manot,574,600,26
Nanteuil-en-Vallée,1471,1500,29
Barro,366,400,34
Saint-Palais-du-Né,282,300,18
Rougnac,441,500,59
Maine-de-Boixe,467,500,33
Étriac,190,200,10
Saint-Georges,54,100,46
Saint-Laurent-de-Belzagot,366,400,34
Roussines,285,300,15
Taizé-Aizie,586,600,14
Cherves-Richemont,2399,2400,1
Juillé,185,200,15
Villognon,370,400,30
Ambleville,187,200,13
Guizengeard,152,200,48
Xambes,295,300,5
Orival,155,200,45
Chassenon,879,900,21
Saint-Genis-d'Hiersac,883,900,17
Lussac,278,300,22
Challignac,299,300,1
Sigogne,983,1000,17
Verneuil,96,100,4
Chenon,151,200,49
Jarnac,4434,4500,66
Verrières,362,400,38
Brie-sous-Chalais,163,200,37
Grassac,296,300,4
Juillac-le-Coq,668,700,32
Plaizac,151,200,49
Anais,584,600,16
Le Grand-Madieu,156,200,44
Gurat,190,200,10
Guimps,472,500,28
Saint-Sulpice-de-Cognac,1270,1300,30
Rivières,1833,1900,67
Saint-Laurent-de-Céris,778,800,22
Salles-d'Angles,1081,1100,19
Sauvignac,98,100,2
Lamérac,196,200,4
Abzac,496,500,4
Saint-Avit,189,200,11
Gond-Pontouvre,5937,6000,63
Houlette,390,400,10
Sauvagnac,77,100,23
Esse,489,500,11
Hiersac,1086,1100,14
Suaux,377,400,23
Montmoreau-Saint-Cybard,1059,1100,41
Vaux-Rouillac,298,300,2
Hiesse,244,300,56
Couture,168,200,32
La Rochette,556,600,44
Péreuil,396,400,4
Mouthiers-sur-Boëme,2473,2500,27
Lagarde-sur-le-Né,187,200,13
Ruelle-sur-Touvre,7370,7400,30
Saint-Médard,297,300,3
Édon,260,300,40
Angeac-Charente,369,400,31
Échallat,491,500,9
Ronsenac,576,600,24
Poullignac,80,100,20
Lonnes,163,200,37
Theil-Rabier,161,200,39
Lichères,87,100,13
Saint-Mary,373,400,27
Saint-Quentin-de-Chalais,283,300,17
Chaise,299,300,1
Bellon,166,200,34
Cognac,18557,19100,543
Pillac,256,300,44
Chassiecq,166,200,34
Étagnac,975,1000,25
Montjean,256,300,44
Passirac,246,300,54
Gourville,639,700,61
Saint-Brice,1030,1100,70
Rouzède,243,300,57
Genté,897,900,3
Ébréon,156,200,44
Triac-Lautrait,455,500,45
Vindelle,996,1000,4
Mons,262,300,38
Bunzac,474,500,26
Lessac,594,600,6
Angoulême,41613,43100,1487
Montbron,2158,2200,42
Gensac-la-Pallue,1599,1600,1
Gardes-le-Pontaroux,261,300,39
Confolens,2711,2800,89
Aignes-et-Puypéroux,261,300,39
Beaulieu-sur-Sonnette,276,300,24
Ranville-Breuillaud,182,200,18
Lésignac-Durand,177,200,23
Pleuville,395,400,5
L'Isle-d'Espagnac,5284,5300,16
Bazac,158,200,42
Bonneville,156,200,44
Brettes,196,200,4
Suris,287,300,13
Chabanais,1877,1900,23
Chantillac,289,300,11
Turgon,90,100,10
Bors (Canton de Montmoreau-Saint-Cybard),245,300,55
Ligné,173,200,27
Saint-Germain-de-Montbron,489,500,11
Sainte-Colombe,178,200,22
Fouquebrune,660,700,40
Condac,468,500,32
Romazières,72,100,28
La Jarrie-Audouin,284,300,16
Clam,379,400,21
Soubise,2909,3000,91
Tugéras-Saint-Maurice,360,400,40
Saint-Médard,81,100,19
Ciré-d'Aunis,1176,1200,24
Puyrolland,195,200,5
Ardillières,792,800,8
Éduts,66,100,34
Authon-Ébéon,390,400,10
Saintes,26011,26500,489
Varaize,579,600,21
Saint-Xandre,4488,4600,112
Pons,4333,4400,67
Barzan,455,500,45
Saint-Julien-de-l'Escap,859,900,41
Geay,680,700,20
Saint-Pierre-de-l'Isle,275,300,25
Soubran,391,400,9
Allas-Bocage,199,200,1
Varzay,793,800,7
Saint-Romain-sur-Gironde,48,100,52
Massac,168,200,32
Courcerac,294,300,6
Coux,478,500,22
Louzignac,161,200,39
Dampierre-sur-Boutonne,285,300,15
Plassay,692,700,8
Bourgneuf,1062,1100,38
Saint-Cyr-du-Doret,595,600,5
Vinax,65,100,35
Vanzac,170,200,30
Saint-Martin-de-Ré,2526,2600,74
Mazerolles,261,300,39
Saint-Seurin-de-Palenne,150,200,50
Pont-l'Abbé-d'Arnoult,1727,1800,73
Moragne,472,500,28
Pessines,772,800,28
Fléac-sur-Seugne,371,400,29
Ozillac,665,700,35
Pérignac,976,1000,24
Semillac,69,100,31
La Rochelle,75170,75800,630
Villars-en-Pons,564,600,36
Le Mung,273,300,27
Sainte-Gemme,1246,1300,54
Saint-Laurent-de-la-Barrière,97,100,3
La Jarrie,2744,2800,56
La Flotte,2889,2900,11
Saint-Georges-d'Oléron,3489,3500,11
L'Éguille,897,900,3
Dompierre-sur-Charente,495,500,5
Bords,1287,1300,13
Bussac-Forêt,989,1000,11
Landes,584,600,16
Saint-Germain-de-Marencennes,1189,1200,11
Chaunac,86,100,14
Royan,17946,18500,554
Échebrune,497,500,3
Marignac,398,400,2
Sainte-Lheurine,497,500,3
Dolus-d'Oléron,3173,3200,27
Saint-Pierre-de-Juillers,353,400,47
Saleignes,64,100,36
Nieul-le-Virouil,584,600,16
Tonnay-Boutonne,1158,1200,42
Saint-Hilaire-de-Villefranche,1187,1200,13
Bagnizeau,187,200,13
Salignac-de-Mirambeau,158,200,42
Saint-Martin-de-Juillers,170,200,30
Avy,472,500,28
Burie,1278,1300,22
Vibrac,154,200,46
Meux,295,300,5
La Brée-les-Bains,756,800,44
Virollet,271,300,29
Villiers-Couture,149,200,51
Beauvais-sur-Matha,681,700,19
Villexavier,281,300,19
Aumagne,697,700,3
Boresse-et-Martron,198,200,2
Genouillé,789,800,11
Chadenac,393,400,7
Matha,2166,2200,34
Givrezac,78,100,22
La Clisse,589,600,11
Mosnac,480,500,20
Saint-Germain-du-Seudre,359,400,41
Chives,370,400,30
Annezay,160,200,40
Taillant,164,200,36
Mortiers,181,200,19
Saint-Loup,295,300,5
Bresdon,259,300,41
Port-des-Barques,1885,1900,15
Semoussac,284,300,16
Champdolent,399,400,1
Tonnay-Charente,7758,7800,42
Saint-Georges-des-Agoûts,259,300,41
Blanzay-sur-Boutonne,94,100,6
Jarnac-Champagne,726,800,74
Villemorin,99,100,1
Saint-Sigismond-de-Clermont,163,200,37
Brie-sous-Mortagne,252,300,48
Saint-Crépin,287,300,13
Saint-Vaize,562,600,38
Vandré,773,800,27
Fontenet,381,400,19
Rochefort,25140,25700,560
Montroy,645,700,55
Loulay,786,800,14
Saint-Eugène,293,300,7
Courant,371,400,29
Saint-Quantin-de-Rançanne,280,300,20
Chartuzac,166,200,34
Saint-Trojan-les-Bains,1473,1500,27
Saint-Saturnin-du-Bois,880,900,20
Aulnay,1464,1500,36
Moings,170,200,30
Macqueville,296,300,4
Seigné,98,100,2
Saint-Thomas-de-Conac,559,600,41
Le Gué-d'Alleré,662,700,38
Brizambourg,874,900,26
Haimps,488,500,12
Lorignac,472,500,28
Le Pin,70,100,30
Jazennes,482,500,18
Voissay,170,200,30
Fouras,4095,4100,5
Jonzac,3480,3600,120
Pommiers-Moulons,196,200,4
Antezant-la-Chapelle,358,400,42
Saint-Bonnet-sur-Gironde,869,900,31
Saint-Simon-de-Bordes,682,700,18
Talmont-sur-Gironde,88,100,12
Mazeray,862,900,38
Réaux,447,500,53
Lozay,155,200,45
La Frédière,78,100,22
Prignac,276,300,24
Neuvicq-le-Château,363,400,37
Grandjean,264,300,36
Saint-Fort-sur-Gironde,854,900,46
Saint-Martin-d'Ary,493,500,7
Montguyon,1460,1500,40
Saint-Maigrin,564,600,36
Mons,468,500,32
Vénérand,697,700,3
Saint-Sornin,296,300,4
La Vergne,628,700,72
Landrais,699,700,1
La Vallée,694,700,6
Parnay,50,100,50
Morogues,436,500,64
La Chapelotte,184,200,16
Saint-Amand-Montrond,10761,11400,639
Lignières,1485,1500,15
Rians,1036,1100,64
Vierzon,26946,27500,554
Culan,791,800,9
Preuilly,459,500,41
Saint-Maur,249,300,51
Bannay,771,800,29
La Chapelle-Montlinard,496,500,4
Menetou-Salon,1665,1700,35
Drevant,574,600,26
Saint-Loup-des-Chaumes,299,300,1
Jalognes,281,300,19
Sury-près-Léré,558,600,42
Le Chautay,257,300,43
Argenvières,480,500,20
Gron,475,500,25
Saint-Germain-des-Bois,573,600,27
Coust,455,500,45
Reigny,257,300,43
Chavannes,183,200,17
Vouzeron,550,600,50
Verdigny,284,300,16
Saint-Hilaire-de-Court,670,700,30
Chassy,256,300,44
Graçay,1500,1600,100
Saint-Jeanvrin,165,200,35
Ivoy-le-Pré,889,900,11
Couy,380,400,20
Veaugues,658,700,42
Bengy-sur-Craon,671,700,29
Serruelles,50,100,50
Chezal-Benoît,872,900,28
Saint-Michel-de-Volangis,470,500,30
La Celette,183,200,17
Farges-en-Septaine,987,1000,13
Sainte-Thorette,472,500,28
Vailly-sur-Sauldre,790,800,10
La Guerche-sur-l'Aubois,3339,3400,61
Foëcy,2059,2100,41
Lunery,1446,1500,54
Neuilly-en-Dun,283,300,17
Grossouvre,286,300,14
Assigny,152,200,48
Montigny,380,400,20
Sainte-Montaine,195,200,5
Marseilles-lès-Aubigny,675,700,25
Humbligny,172,200,28
Saint-Hilaire-de-Gondilly,183,200,17
Savigny-en-Sancerre,1082,1100,18
Saint-Hilaire-en-Lignières,498,500,2
Mareuil-sur-Arnon,563,600,37
Osmery,280,300,20
Ignol,172,200,28
Lury-sur-Arnon,676,700,24
Azy,484,500,16
Savigny-en-Septaine,659,700,41
La Celle-Condé,198,200,2
Apremont-sur-Allier,73,100,27
La Chapelle-d'Angillon,665,700,35
Saligny-le-Vif,171,200,29
Soye-en-Septaine,572,600,28
Nançay,882,900,18
Cours-les-Barres,1082,1100,18
Châteaumeillant,2015,2100,85
Presly,253,300,47
Nohant-en-Goût,561,600,39
Le Noyer,260,300,40
Aubinges,359,400,41
Épineuil-le-Fleuriel,463,500,37
Menetou-Râtel,481,500,19
Jouet-sur-l'Aubois,1495,1500,5
Lapan,168,200,32
Venesmes,884,900,16
Léré,1189,1200,11
La Chapelle-Hugon,387,400,13
Saint-Léger-le-Petit,399,400,1
Thou,78,100,22
Saint-Satur,1603,1700,97
Boulleret,1355,1400,45
Saint-Christophe-le-Chaudry,98,100,2
Mornay-sur-Allier,439,500,61
Sévry,73,100,27
Préveranges,583,600,17
Saint-Baudel,299,300,1
Saint-Florent-sur-Cher,6608,6700,92
Plou,484,500,16
Ourouer-les-Bourdelins,645,700,55
Bannegon,261,300,39
Ménétréol-sur-Sauldre,250,300,50
Couargues,197,200,3
Herry,1029,1100,71
Neuvy-sur-Barangeon,1251,1300,49
Laverdines,54,100,46
Vereaux,176,200,24
Sancerre,1607,1700,93
Subligny,348,400,52
Lugny-Champagne,170,200,30
Ménétréol-sous-Sancerre,396,400,4
Bussy,365,400,35
Vinon,265,300,35
Beddes,96,100,4
Vasselay,1177,1200,23
Saugy,79,100,21
Orcenais,267,300,33
Bourges,66381,69000,2619
Aubigny-sur-Nère,5769,5900,131
Jars,481,500,19
Crézancy-en-Sancerre,478,500,22
Villabon,559,600,41
Achères,371,400,29
Lazenay,357,400,43
Neuvy-le-Barrois,159,200,41
Saint-Just,598,600,2
La Perche,257,300,43
Primelles,251,300,49
Sainte-Solange,1180,1200,20
Civray,995,1000,5
Meillant,713,800,87
Cornusse,276,300,24
La Celle,354,400,46
Touchay,282,300,18
Bouzais,291,300,9
Sury-ès-Bois,279,300,21
Beffes,697,700,3
Crézançay-sur-Cher,65,100,35
Turenne,793,800,7
Bort-les-Orgues,2988,3200,212
Beyssac,697,700,3
Saint-Pantaléon-de-Lapleau,70,100,30
Chasteaux,580,600,20
Chanteix,580,600,20
Neuvic,1810,1900,90
Vignols,589,600,11
Moustier-Ventadour,490,500,10
Gros-Chastang,171,200,29
Saint-Cernin-de-Larche,597,600,3
Saillac,184,200,16
Affieux,371,400,29
Saint-Sulpice-les-Bois,72,100,28
Veyrières,65,100,35
Roche-le-Peyroux,87,100,13
Perpezac-le-Blanc,467,500,33
Favars,973,1000,27
Saint-Pardoux-l'Ortigier,476,500,24
Saint-Aulaire,856,900,44
Collonges-la-Rouge,470,500,30
Monceaux-sur-Dordogne,673,700,27
Saint-Bonnet-près-Bort,188,200,12
Dampniat,685,700,15
Saint-Hilaire-Luc,76,100,24
Vitrac-sur-Montane,258,300,42
Saint-Pardoux-le-Neuf,70,100,30
Tulle,14923,15700,777
Soursac,490,500,10
Le Lonzac,778,800,22
Clergoux,378,400,22
Objat,3593,3600,7
Millevaches,87,100,13
Darazac,157,200,43
Lascaux,175,200,25
Saint-Angel,687,700,13
Sainte-Fortunade,1775,1800,25
La Roche-Canillac,157,200,43
Uzerche,3126,3200,74
Argentat,3042,3100,58
Soudeilles,287,300,13
Saint-Julien-Maumont,172,200,28
Ménoire,90,100,10
Le Pescher,276,300,24
Saint-Salvadour,299,300,1
Eyburie,465,500,35
Masseret,679,700,21
Soudaine-Lavinadière,178,200,22
Sérilhac,281,300,19
Puy-d'Arnac,271,300,29
Aix,385,400,15
Corrèze,1161,1200,39
Chamboulive,1184,1300,116
Saint-Pardoux-la-Croisille,172,200,28
Saint-Germain-Lavolps,91,100,9
Sarran,255,300,45
Saint-Martin-la-Méanne,363,400,37
Venarsal,486,500,14
Saint-Ybard,664,700,36
Condat-sur-Ganaveix,643,700,57
Bellechassagne,74,100,26
Veix,71,100,29
Chanac-les-Mines,494,500,6
Courteix,63,100,37
Juillac,1153,1200,47
Pérols-sur-Vézère,188,200,12
Saint-Fréjoux,289,300,11
Saint-Cirgues-la-Loutre,190,200,10
Beyssenac,369,400,31
Brivezac,182,200,18
Le Jardin,83,100,17
Rosiers-de-Juillac,188,200,12
Marcillac-la-Croze,182,200,18
Pandrignes,172,200,28
Meymac,2526,2600,74
Albignac,244,300,56
Saint-Martin-Sepert,272,300,28
Eygurande,699,700,1
Larche,1609,1700,91
Saint-Bazile-de-la-Roche,147,200,53
Saint-Hilaire-Taurieux,95,100,5
Beaulieu-sur-Dordogne,1253,1300,47
Lignareix,157,200,43
Albussac,693,700,7
Meyrignac-l'Église,50,100,50
Saint-Pardoux-Corbier,366,400,34
Branceilles,260,300,40
Ussel,10245,10400,155
Saint-Yrieix-le-Déjalat,391,400,9
Lamazière-Basse,297,300,3
Saint-Étienne-la-Geneste,93,100,7
Saint-Julien-le-Vendômois,264,300,36
Benayes,267,300,33
Combressol,346,400,54
Orliac-de-Bar,269,300,31
Couffy-sur-Sarsonne,73,100,27
Saint-Priest-de-Gimel,473,500,27
Lamazière-Haute,70,100,30
Madranges,194,200,6
Estivaux,373,400,27
Mansac,1362,1400,38
Rosiers-d'Égletons,1078,1100,22
Treignac,1376,1400,24
Chirac-Bellevue,269,300,31
Laval-sur-Luzège,98,100,2
Laguenne,1465,1500,35
Saint-Martial-de-Gimel,472,500,28
Laroche-près-Feyt,75,100,25
Sainte-Marie-Lapanouze,61,100,39
Lapleau,381,400,19
Saint-Bazile-de-Meyssac,151,200,49
Champagnac-la-Prune,171,200,29
Chavanac,56,100,44
Chaumeil,161,200,39
Brive-la-Gaillarde,48949,49700,751
Saint-Victour,186,200,14
Saint-Pardoux-le-Vieux,281,300,19
Saint-Julien-aux-Bois,492,500,8
Servières-le-Château,670,700,30
Pierrefitte,75,100,25
Chameyrat,1581,1600,19
Bugeat,886,900,14
Saint-Hilaire-les-Courbes,160,200,40
Saint-Martial-Entraygues,80,100,20
Végennes,166,200,34
Goulles,345,400,55
Neuville,196,200,4
Margerides,264,300,36
Bassignac-le-Bas,90,100,10
Chenailler-Mascheix,179,200,21
Marc-la-Tour,168,200,32
Meuilley,458,500,42
Saussy,97,100,3
Nesle-et-Massoult,82,100,18
Montmoyen,89,100,11
Blaisy-Bas,699,700,1
Venarey-les-Laumes,2947,3000,53
Darois,443,500,57
Varanges,778,800,22
Viserny,191,200,9
Spoy,298,300,2
Montigny-Saint-Barthélemy,87,100,13
Planay,81,100,19
Fleurey-sur-Ouche,1161,1200,39
Busseaut,66,100,34
Avosnes,75,100,25
Colombier,51,100,49
Channay,63,100,37
Jailly-les-Moulins,92,100,8
Villeberny,87,100,13
Saulon-la-Chapelle,1049,1100,51
Bellenod-sur-Seine,78,100,22
Saint-Broing-les-Moines,188,200,12
Thorey-sur-Ouche,153,200,47
Norges-la-Ville,869,900,31
Savigny-sous-Mâlain,195,200,5
Saulx-le-Duc,271,300,29
Chemin-d'Aisey,64,100,36
Ménessaire,71,100,29
Villecomte,267,300,33
Saint-Euphrône,198,200,2
Riel-les-Eaux,84,100,16
Drambon,165,200,35
La Roche-en-Brenil,898,900,2
Poncey-sur-l'Ignon,86,100,14
Montagny-lès-Beaune,662,700,38
Beire-le-Châtel,792,800,8
Couchey,1192,1200,8
La Motte-Ternant,168,200,32
Chevigny-en-Valière,293,300,7
Montbard,5513,5600,87
Salives,285,300,15
Montliot-et-Courcelles,285,300,15
Ancey,379,400,21
Culètre,81,100,19
Massingy-lès-Vitteaux,88,100,12
Marigny-le-Cahouët,277,300,23
Verdonnet,88,100,12
Athée,780,800,20
Saint-Germain-de-Modéon,172,200,28
Vougeot,191,200,9
Tailly,191,200,9
Coulmier-le-Sec,271,300,29
Marcilly-et-Dracy,95,100,5
Thorey-sous-Charny,188,200,12
Beaumont-sur-Vingeanne,185,200,15
Fixin,757,800,43
Agey,270,300,30
Drée,54,100,46
Chenôve,14045,14500,455
Pernand-Vergelesses,279,300,21
Foissy,153,200,47
Savigny-lès-Beaune,1367,1400,33
Pothières,194,200,6
Martrois,62,100,38
Chassagne-Montrachet,353,400,47
Magny-lès-Aubigny,196,200,4
Gevrolles,167,200,33
Vianges,61,100,39
Souhey,95,100,5
Montceau-et-Écharnant,157,200,43
Bellefond,774,800,26
Fain-lès-Moutiers,155,200,45
Gevrey-Chambertin,3061,3100,39
Bousselange,49,100,51
Brazey-en-Morvan,161,200,39
Crécey-sur-Tille,144,200,56
Longchamp,1186,1200,14
Aignay-le-Duc,323,400,77
Levernois,284,300,16
Crépand,339,400,61
Villedieu,76,100,24
Magny-la-Ville,82,100,18
Pagny-le-Château,498,500,2
Chaume-lès-Baigneux,97,100,3
Quemigny-Poisot,197,200,3
Forléans,96,100,4
Brémur-et-Vaurois,63,100,37
Précy-sous-Thil,766,800,34
Savolles,156,200,44
Rougemont,178,200,22
Pontailler-sur-Saône,1251,1300,49
Marcheseuil,173,200,27
Nantoux,180,200,20
Orgeux,472,500,28
Montigny-Montfort,290,300,10
Villeneuve-sous-Charigny,94,100,6
Bessey-lès-Cîteaux,666,700,34
Pichanges,256,300,44
Bouix,159,200,41
Épernay-sous-Gevrey,183,200,17
Sainte-Sabine,190,200,10
Savouges,386,400,14
Longecourt-en-Plaine,1241,1300,59
Izeure,778,800,22
Jours-lès-Baigneux,87,100,13
Beire-le-Fort,296,300,4
Verrey-sous-Drée,62,100,38
Courtivron,196,200,4
Orain,96,100,4
Flée,163,200,37
Marcigny-sous-Thil,61,100,39
Flagey-lès-Auxonne,191,200,9
Volnay,274,300,26
Aloxe-Corton,158,200,42
Crugey,169,200,31
Hauteville-lès-Dijon,1098,1100,2
Villotte-Saint-Seine,60,100,40
Bussy-la-Pesle,65,100,35
Vernois-lès-Vesvres,194,200,6
Bissey-la-Côte,91,100,9
Segrois,48,100,52
Perrigny-sur-l'Ognon,663,700,37
Clamerey,179,200,21
Brognon,263,300,37
Véronnes,397,400,3
Tart-le-Haut,1389,1400,11
Mimeure,292,300,8
Comblanchien,699,700,1
Lucey,59,100,41
Courcelles-lès-Montbard,87,100,13
Painblanc,159,200,41
Lignerolles,49,100,51
Bouilland,189,200,11
Flacey,158,200,42
Sainte-Colombe,60,100,40
Dijon,151212,151600,388
Époisses,783,800,17
Échevronne,282,300,18
Meursanges,485,500,15
Balot,89,100,11
Grenant-lès-Sombernon,199,200,1
Châtillon-sur-Seine,5564,5700,136
Meursault,1529,1600,71
Foncegrive,150,200,50
Étais,92,100,8
Agencourt,397,400,3
Quincy-le-Vicomte,194,200,6
Aubaine,95,100,5
Ivry-en-Montagne,182,200,18
Massingy,160,200,40
Nolay,1496,1500,4
Bessey-la-Cour,72,100,28
Saint-Martin-de-la-Mer,293,300,7
Millery,377,400,23
Voudenay,190,200,10
Perrigny-lès-Dijon,1478,1500,22
Sennecey-lès-Dijon,2189,2300,111
Allerey,167,200,33
Duesme,54,100,46
Cussy-la-Colonne,54,100,46
Villargoix,169,200,31
Thoires,74,100,26
Brazey-en-Plaine,2505,2600,95
Bligny-le-Sec,161,200,39
La Bussière-sur-Ouche,147,200,53
Flavignerot,165,200,35
Viévy,339,400,61
Benoisey,77,100,23
Bierre-lès-Semur,88,100,12
Saint-Aubin,257,300,43
Noidan,87,100,13
Sacquenay,262,300,38
Arc-sur-Tille,2479,2500,21
Moitron,62,100,38
Fauverney,684,700,16
Diénay,296,300,4
La Rochepot,280,300,20
Morey-Saint-Denis,697,700,3
Braux,175,200,25
Nan-sous-Thil,191,200,9
Terrefondrée,66,100,34
Éringes,64,100,36
Prâlon,76,100,24
Saint-Seine-en-Bâche,287,300,13
Mussy-la-Fosse,76,100,24
Athie,90,100,10
Tarsul,172,200,28
Thury,293,300,7
Griselles,90,100,10
Châteauneuf,84,100,16
Aubigny-la-Ronce,164,200,36
Pouillenay,568,600,32
Prusly-sur-Ource,177,200,23
Chassey,86,100,14
Torcy-et-Pouligny,162,200,38
Talant,11475,11800,325
Pasques,295,300,5
Remilly-sur-Tille,744,800,56
Daix,1362,1400,38
Saint-Anthot,57,100,43
Neuilly-lès-Dijon,1869,1900,31
Villars-et-Villenotte,156,200,44
Collonges-lès-Premières,769,800,31
Villebichot,377,400,23
Boncourt-le-Bois,278,300,22
Jeux-lès-Bard,51,100,49
Chaumont-le-Bois,85,100,15
Meilly-sur-Rouvres,184,200,16
Frôlois,181,200,19
Poiseul-lès-Saulx,63,100,37
Cuiserey,154,200,46
Nod-sur-Seine,248,300,52
Chevannay,52,100,48
Marey-lès-Fussey,64,100,36
Larrey,98,100,2
Flagey-Echézeaux,499,500,1
Arnay-le-Duc,1630,1700,70
Belan-sur-Ource,266,300,34
Plombières-lès-Dijon,2812,2900,88
Barbirey-sur-Ouche,266,300,34
Poiseul-la-Ville-et-Laperrière,165,200,35
Hauteroche,73,100,27
Lacanche,594,600,6
Chailly-sur-Armançon,264,300,36
Vannaire,62,100,38
Ouges,1166,1200,34
Champagne-sur-Vingeanne,292,300,8
Massingy-lès-Semur,193,200,7
Montigny-Mornay-Villeneuve-sur-Vingeanne,373,400,27
Civry-en-Montagne,99,100,1
Ampilly-les-Bordes,74,100,26
Antheuil,65,100,35
Soirans,469,500,31
Cérilly,269,300,31
Vandenesse-en-Auxois,284,300,16
Courban,167,200,33
Thomirey,59,100,41
Baubigny,222,300,78
Labergement-lès-Auxonne,352,400,48
Éguilly,61,100,39
Musigny,89,100,11
Saussey,84,100,16
Vieux-Château,97,100,3
Orville,188,200,12
Frénois,90,100,10
Auxonne,7741,7800,59
Diancey,83,100,17
Savilly,76,100,24
Saint-Jean-de-Losne,1168,1200,32
Monthelie,164,200,36
Grosbois-lès-Tichey,75,100,25
Beneuvre,95,100,5
Minot,221,300,79
Bévy,95,100,5
Boudreville,60,100,40
Laignes,777,800,23
Barges,461,500,39
Courlon,72,100,28
Fraignot-et-Vesvrotte,68,100,32
Saint-Germain-lès-Senailly,93,100,7
Vertault,54,100,46
Villers-Patras,97,100,3
Panges,80,100,20
Montot,196,200,4
Moutiers-Saint-Jean,256,300,44
Posanges,68,100,32
Vernot,71,100,29
Liernais,591,600,9
Magny-lès-Villers,258,300,42
Veilly,61,100,39
Villaines-en-Duesmois,289,300,11
Saint-Seine-l'Abbaye,360,400,40
Chamesson,280,300,20
Trouhaut,99,100,1
Saint-Apollinaire,6276,6300,24
Juillenay,54,100,46
Recey-sur-Ource,383,400,17
Montlay-en-Auxois,156,200,44
Corcelles-les-Monts,652,700,48
Seigny,164,200,36
Blancey,70,100,30
Échigey,292,300,8
Marcilly-Ogny,198,200,2
Mavilly-Mandelot,163,200,37
Noiron-sur-Seine,81,100,19
Ahuy,1265,1300,35
Source-Seine,53,100,47
Marigny-lès-Reullée,191,200,9
Fontangy,149,200,51
Magny-Lambert,97,100,3
Vaux-Saules,191,200,9
Sombernon,978,1000,22
Gurgy-le-Château,50,100,50
Saint-Nicolas-lès-Cîteaux,434,500,66
Molinot,152,200,48
Dampierre-en-Montagne,77,100,23
Vielverge,496,500,4
Pouilly-sur-Saône,667,700,33
Censerey,178,200,22
Montoillot,72,100,28
Toutry,465,500,35
Grancey-le-Château-Neuvelle,272,300,28
Buncey,386,400,14
Corcelles-les-Arts,463,500,37
Étevaux,294,300,6
Fresnes,174,200,26
Villey-sur-Tille,296,300,4
Buffon,160,200,40
Billy-lès-Chanceaux,80,100,20
Semur-en-Auxois,4195,4200,5
Lamargelle,158,200,42
Trochères,180,200,20
Pont,93,100,7
Bard-lès-Époisses,54,100,46
Obtrée,74,100,26
Esbarres,758,800,42
Gissey-sur-Ouche,364,400,36
Turcey,175,200,25
Ruffey-lès-Beaune,678,700,22
Bissey-la-Pierre,76,100,24
Auxant,71,100,29
Saulieu,2564,2600,36
Arrans,66,100,34
Longvic,9290,9400,110
Mosson,93,100,7
Essarois,87,100,13
Bard-le-Régulier,70,100,30
Rouvres-sous-Meilly,97,100,3
Longeault,587,600,13
Champ-d'Oiseau,76,100,24
Asnières-en-Montagne,186,200,14
Collonges-lès-Bévy,94,100,6
Saint-Germain-le-Rocheux,89,100,11
Étormay,79,100,21
Mauvilly,73,100,27
Poiseul-la-Grange,69,100,31
Ampilly-le-Sec,363,400,37
Gemeaux,864,900,36
Pellerey,86,100,14
Champignolles,70,100,30
Kermaria-Sulard,979,1000,21
Trébédan,393,400,7
Lanloup,269,300,31
Perret,175,200,25
Quemperven,390,400,10
Plouguiel,1840,1900,60
Quemper-Guézennec,1091,1100,9
Loc-Envel,73,100,27
Plorec-sur-Arguenon,399,400,1
Belle-Isle-en-Terre,1072,1100,28
Callac,2365,2400,35
Glomel,1389,1400,11
Plougras,441,500,59
Pléven,565,600,35
Saint-Michel-en-Grève,474,500,26
La Roche-Derrien,1010,1100,90
Moustéru,689,700,11
Landébia,492,500,8
Bringolo,399,400,1
Plounévez-Quintin,1074,1100,26
Paimpol,7634,7800,166
Runan,255,300,45
Le Cambout,475,500,25
Andel,1098,1100,2
Kerien,277,300,23
Carnoët,770,800,30
Yvignac-la-Tour,1199,1200,1
Gomené,588,600,12
Pleslin-Trigavou,3425,3500,75
Saint-Étienne-du-Gué-de-l'Isle,388,400,12
Plessala,1881,1900,19
Guingamp,7280,7500,220
Plussulien,492,500,8
Plévin,795,800,5
Saint-Carné,891,900,9
Saint-Gilles-Pligeaux,272,300,28
Saint-Maudez,295,300,5
Pleudaniel,980,1000,20
Saint-Quay-Portrieux,3093,3100,7
Plouaret,2189,2200,11
Saint-Barnabé,1262,1300,38
Illifaut,685,700,15
Lanrivain,549,600,51
Vildé-Guingalan,1199,1200,1
Lanmérin,495,500,5
Peumerit-Quintin,167,200,33
Saint-Connec,266,300,34
Magoar,89,100,11
Pontrieux,1024,1100,76
Gurunhuel,398,400,2
Calorguen,671,700,29
Tréveneuc,779,800,21
Plancoët,3082,3100,18
Plésidy,640,700,60
Tréogan,99,100,1
Tréfumel,265,300,35
Plélauff,693,700,7
Kerpert,297,300,3
Merléac,498,500,2
Châtelaudren,1020,1100,80
Saint-Martin-des-Prés,338,400,62
Saint-Lormel,876,900,24
Saint-Guen,460,500,40
Canihuel,376,400,24
Plestin-les-Grèves,3616,3700,84
Saint-Jean-Kerdaniel,578,600,22
Saint-Nicolas-du-Pélem,1723,1800,77
Plouguernével,1759,1800,41
Plumaugat,1095,1100,5
La Ferrière,455,500,45
Saint-Quay-Perros,1461,1500,39
La Malhoure,479,500,21
Landebaëron,193,200,7
Treffrin,558,600,42
Trélévern,1381,1400,19
Languédias,461,500,39
Loscouët-sur-Meu,648,700,52
Saint-Cast-le-Guildo,3491,3500,9
Trémeur,684,700,16
Le Haut-Corlay,688,700,12
Hémonstoir,671,700,29
La Chèze,592,600,8
Trédaniel,994,1000,6
Trébrivan,698,700,2
Pouldouran,165,200,35
Caurel,378,400,22
Coatascorn,251,300,49
Plouha,4597,4600,3
Dinan,10819,11000,181
Saint-André-des-Eaux,248,300,52
Troguéry,297,300,3
Plourac'h,348,400,52
Langourla,555,600,45
Bulat-Pestivien,465,500,35
Rostrenen,3307,3400,93
Taden,2297,2300,3
Rouillac,364,400,36
Aucaleuc,893,900,7
Saint-Péver,358,400,42
Saint-Gouéno,660,700,40
L'Hermitage-Lorge,743,800,57
Paule,699,700,1
Saint-Caradec,1196,1200,4
Saint-Glen,596,600,4
Créhen,1697,1700,3
Saint-Nicodème,169,200,31
Calanhel,254,300,46
Plédéliac,1284,1300,16
Tonquédec,1073,1100,27
Saint-Méloir-des-Bois,257,300,43
Uzel,1075,1100,25
Saint-Igeaux,140,200,60
Hillion,4076,4100,24
Lanrelas,862,900,38
Le Bodéo,179,200,21
Cohiniac,383,400,17
Plessix-Balisson,92,100,8
Saint-Gilles-du-Mené,481,500,19
Saint-Launeuc,197,200,3
Saint-Maudan,372,400,28
Plumieux,1075,1100,25
Trémargat,164,200,36
Kergrist-Moëlou,659,700,41
Pabu,2799,2800,1
Pont-Melvez,673,700,27
Loguivy-Plougras,950,1000,50
Lohuec,272,300,28
Soumans,582,600,18
Janaillat,360,400,40
Saint-Avit-de-Tardes,188,200,12
Saint-Pierre-Chérignat,184,200,16
Colondannes,271,300,29
Dontreix,396,400,4
La Chapelle-Taillefert,379,400,21
Pontcharraud,79,100,21
Vallière,766,800,34
Châtelus-Malvaleix,569,600,31
La Chapelle-Saint-Martial,86,100,14
Saint-Junien-la-Bregère,147,200,53
Boussac-Bourg,783,800,17
Saint-Vaury,1806,1900,94
Mansat-la-Courrière,87,100,13
Saint-Pierre-de-Fursac,794,800,6
Gentioux-Pigerolles,388,400,12
Cressat,570,600,30
Faux-Mazuras,170,200,30
Bazelat,297,300,3
Chéniers,557,600,43
Saint-Dizier-les-Domaines,187,200,13
La Cellette,273,300,27
Saint-Victor-en-Marche,361,400,39
Royère-de-Vassivière,561,600,39
Aulon,165,200,35
Saint-Domet,166,200,34
Saint-Silvain-Montaigut,184,200,16
Saint-Priest,164,200,36
Rougnat,531,600,69
Saint-Pardoux-d'Arnet,163,200,37
Auzances,1336,1400,64
La Forêt-du-Temple,145,200,55
Budelière,788,800,12
Le Donzeil,176,200,24
Vidaillat,169,200,31
Pionnat,763,800,37
Banize,159,200,41
Tercillat,166,200,34
Saint-Amand-Jartoudeix,171,200,29
La Mazière-aux-Bons-Hommes,67,100,33
Toulx-Sainte-Croix,297,300,3
Leyrat,155,200,45
Lépaud,389,400,11
Croze,190,200,10
Saint-Sébastien,694,700,6
Pontarion,358,400,42
Saint-Pierre-le-Bost,148,200,52
Néoux,299,300,1
La Villetelle,164,200,36
Évaux-les-Bains,1457,1500,43
Marsac,679,700,21
Puy-Malsignat,161,200,39
Clairavaux,153,200,47
Lavaveix-les-Mines,761,800,39
Masbaraud-Mérignat,374,400,26
Gioux,174,200,26
Issoudun-Létrieix,299,300,1
Thauron,184,200,16
Saint-Dizier-Leyrenne,887,900,13
Alleyrat,142,200,58
Méasnes,584,600,16
Moutier-d'Ahun,157,200,43
Chambonchard,87,100,13
Linard,166,200,34
Anzême,559,600,41
Peyrat-la-Nonière,474,500,26
Pierrefitte,75,100,25
Saint-Goussaud,199,200,1
Saint-Oradoux-de-Chirouze,89,100,11
La Pouge,82,100,18
Sagnat,198,200,2
Lizières,283,300,17
Fleurat,281,300,19
Guéret,13573,14100,527
Saint-Avit-le-Pauvre,73,100,27
Crocq,442,500,58
Saint-Médard-la-Rochette,570,600,30
Saint-Martial-le-Mont,239,300,61
Rimondeix,83,100,17
Chambon-Sainte-Croix,88,100,12
Saint-Marc-à-Frongier,367,400,33
Saint-Marien,184,200,16
Roches,380,400,20
Saint-Silvain-Bas-le-Roc,498,500,2
Jalesches,81,100,19
Bord-Saint-Georges,360,400,40
Naillat,670,700,30
Bénévent-l'Abbaye,843,900,57
Sardent,785,800,15
Saint-Julien-le-Châtel,168,200,32
Ahun,1590,1600,10
Nouzerines,251,300,49
Fontanières,263,300,37
Sannat,389,400,11
Saint-Loup,174,200,26
Mourioux-Vieilleville,535,600,65
Saint-Hilaire-le-Château,259,300,41
Saint-Pardoux-le-Neuf,178,200,22
Boussac,1353,1400,47
Parsac,591,600,9
Sous-Parsat,141,200,59
Saint-Quentin-la-Chabanne,359,400,41
Jouillat,470,500,30
Bétête,346,400,54
Aubusson,3844,4100,256
Saint-Priest-la-Plaine,246,300,54
Féniers,91,100,9
Montboucher,360,400,40
Lépinas,171,200,29
Saint-Georges-Nigremont,168,200,32
La Courtine,818,900,82
Montaigut-le-Blanc,387,400,13
Saint-Martin-Sainte-Catherine,331,400,69
Basville,174,200,26
Saint-Moreil,238,300,62
Saint-Léger-Bridereix,198,200,2
Saint-Sulpice-les-Champs,386,400,14
Châtelus-le-Marcheix,368,400,32
Faux-la-Montagne,362,400,38
Dun-le-Palestel,1192,1200,8
Ars,260,300,40
Lafat,383,400,17
Bussière-Dunoise,1073,1100,27
La Villeneuve,83,100,17
Saint-Michel-de-Veisse,168,200,32
Saint-Pardoux-les-Cards,296,300,4
Felletin,1867,1900,33
Ajain,1098,1100,2
Bayac,357,400,43
Monfaucon,279,300,21
Vitrac,886,900,14
Saint-Jory-las-Bloux,257,300,43
Saint-Nexans,875,900,25
Le Change,599,600,1
Saint-André-de-Double,161,200,39
Savignac-de-Miremont,160,200,40
Saint-Médard-de-Mussidan,1697,1700,3
Saint-Pantaly-d'Excideuil,156,200,44
Paussac-et-Saint-Vivien,445,500,55
Saint-Priest-les-Fougères,395,400,5
Saint-Victor,197,200,3
Ligueux,268,300,32
Saint-Romain-de-Monpazier,83,100,17
Chalais,435,500,65
Gageac-et-Rouillac,442,500,58
Saint-Vincent-Jalmoutiers,251,300,49
Berbiguières,173,200,27
Sainte-Marie-de-Chignac,591,600,9
Coux-et-Bigaroque,987,1000,13
Saint-Vincent-de-Cosse,365,400,35
Saint-Michel-de-Montaigne,363,400,37
Soulaures,76,100,24
Ribérac,4090,4100,10
Eyzerac,577,600,23
Saint-Michel-de-Double,266,300,34
Saint-Louis-en-l'Isle,261,300,39
Saint-Georges-de-Montclard,275,300,25
Celles,555,600,45
Sarrazac,377,400,23
Cantillac,194,200,6
Puyrenier,58,100,42
Comberanche-et-Épeluche,178,200,22
Saint-Cybranet,385,400,15
Saint-Martial-d'Albarède,485,500,15
Saint-Seurin-de-Prats,487,500,13
Meyrals,575,600,25
Condat-sur-Trincou,491,500,9
Savignac-les-Églises,951,1000,49
Quinsac,385,400,15
Sainte-Eulalie-d'Ans,291,300,9
Saint-Martin-de-Fressengeas,385,400,15
Urval,151,200,49
Saint-Aulaye,1360,1400,40
Brantôme,2152,2200,48
Nouaille,990,1000,10
Prats-du-Périgord,155,200,45
Saint-Pardoux-et-Vielvic,191,200,9
Ginestet,794,800,6
Bassillac,1795,1800,5
Rudeau-Ladosse,178,200,22
Sainte-Alvère,886,900,14
La Chapelle-Saint-Jean,87,100,13
Coulounieix-Chamiers,8356,8400,44
Allemans,578,600,22
Escoire,459,500,41
Saint-Paul-de-Serre,260,300,40
Saint-Médard-d'Excideuil,567,600,33
Sainte-Orse,386,400,14
Saint-Martin-le-Pin,296,300,4
Fonroque,267,300,33
Castelnaud-la-Chapelle,475,500,25
Fleurac,240,300,60
Le Buisson-de-Cadouin,2119,2200,81
Bourniquel,68,100,32
Saint-Jory-de-Chalais,595,600,5
Faux,583,600,17
Milhac-de-Nontron,592,600,8
Lalinde,2959,3000,41
Saint-Crépin-et-Carlucet,497,500,3
Beaussac,185,200,15
Marquay,572,600,28
Saint-Sauveur,775,800,25
Saint-Pancrace,153,200,47
Saint-Pardoux-la-Rivière,1185,1200,15
Campsegret,398,400,2
Port-Sainte-Foy-et-Ponchapt,2497,2500,3
Audrix,290,300,10
La Chapelle-Faucher,394,400,6
Saint-Amand-de-Coly,394,400,6
Anlhiac,290,300,10
Lamothe-Montravel,1238,1300,62
Bourg-des-Maisons,64,100,36
Chourgnac,72,100,28
Coutures,190,200,10
Varennes,448,500,52
Mazeyrolles,350,400,50
Saint-Vincent-le-Paluel,269,300,31
Sainte-Eulalie-d'Eymet,75,100,25
Saint-Aubin-de-Lanquais,295,300,5
Belvès,1450,1500,50
Petit-Bersac,171,200,29
Nanteuil-Auriac-de-Bourzac,255,300,45
Orliaguet,91,100,9
Calès,374,400,26
Puymangou,94,100,6
Granges-d'Ans,164,200,36
Clermont-d'Excideuil,258,300,42
Sainte-Sabine-Born,381,400,19
Limeyrat,453,500,47
Siorac-de-Ribérac,254,300,46
Saint-Jean-d'Eyraud,190,200,10
Le Bugue,2762,2800,38
Cherval,284,300,16
Saint-Méard-de-Gurçon,783,800,17
Peyzac-le-Moustier,171,200,29
Pazayac,879,900,21
Saint-Martin-de-Ribérac,697,700,3
Salles-de-Belvès,80,100,20
Saint-Julien-de-Bourdeilles,79,100,21
Couze-et-Saint-Front,765,800,35
Cornille,668,700,32
La Rochebeaucourt-et-Argentine,395,400,5
Saint-Géraud-de-Corps,188,200,12
Carsac-de-Gurson,196,200,4
Issac,383,400,17
Saint-Avit-Rivière,78,100,22
Graulges,68,100,32
Connezac,79,100,21
Monmarvès,58,100,42
Génis,482,500,18
Corgnac-sur-l'Isle,799,800,1
Saint-Cyprien,1571,1600,29
Nabirat,377,400,23
Thenon,1277,1300,23
Villars,458,500,42
Nailhac,297,300,3
Sainte-Radegonde,56,100,44
Sainte-Innocence,99,100,1
Borrèze,341,400,59
Vaunac,260,300,40
Moulin-Neuf,882,900,18
Villefranche-du-Périgord,759,800,41
Villamblard,885,900,15
Saint-Méard-de-Drône,474,500,26
Verdon,47,100,53
Cercles,194,200,6
Besse,154,200,46
Valeuil,396,400,4
Teyjat,275,300,25
Nanthiat,282,300,18
Saint-Saud-Lacoussière,868,900,32
Chassaignes,81,100,19
Champeaux-et-la-Chapelle-Pommier,157,200,43
Monmadalès,74,100,26
Saint-Cyr-les-Champagnes,279,300,21
Monestier,386,400,14
Dussac,399,400,1
Saint-Félix-de-Bourdeilles,70,100,30
La Chapelle-Montmoreau,74,100,26
Saint-Maime-de-Péreyrol,274,300,26
Grèzes,191,200,9
Excideuil,1226,1300,74
Gabillou,92,100,8
Beaupouyet,471,500,29
Lavaur,79,100,21
La Cassagne,157,200,43
La Coquille,1355,1400,45
Champagne-et-Fontaine,395,400,5
Saint-Antoine-Cumond,390,400,10
Saint-Vincent-sur-l'Isle,264,300,36
Busserolles,561,600,39
Mescoules,164,200,36
Valojoulx,267,300,33
Ponteyraud,53,100,47
Servanches,80,100,20
Domme,998,1000,2
Queyssac,467,500,33
Villetoureix,874,900,26
Saint-Crépin-d'Auberoche,294,300,6
Paulin,271,300,29
Montignac,2783,2900,117
Abjat-sur-Bandiat,650,700,50
Mialet,662,700,38
Saint-Laurent-la-Vallée,253,300,47
Saint-Félix-de-Reillac-et-Mortemart,198,200,2
Biron,185,200,15
Monsac,189,200,11
Sagelat,361,400,39
Monsec,197,200,3
Monsaguel,164,200,36
Montpon-Ménestérol,5465,5600,135
Saint-Cernin-de-Labarde,194,200,6
Razac-de-Saussignac,352,400,48
Salagnac,876,900,24
Plaisance,453,500,47
Chalagnac,392,400,8
Saint-Rabier,555,600,45
Manaurie,155,200,45
Fraisse,141,200,59
Saint-Estèphe,590,600,10
Orliac,58,100,42
Thiviers,3095,3100,5
Nontron,3351,3400,49
Thonac,258,300,42
Bourdeilles,769,800,31
Parcoul,375,400,25
Bussac,370,400,30
Jayac,186,200,14
Champagnac-de-Belair,696,700,4
Trémolat,576,600,24
La Chapelle-Aubareil,483,500,17
Saint-Privat-des-Prés,579,600,21
Le Bourdeix,252,300,48
Châtres,184,200,16
La Feuillade,739,800,61
Saint-Front-d'Alemps,258,300,42
Badefols-d'Ans,471,500,29
Eyvirat,277,300,23
Vergt,1674,1700,26
Vallereuil,278,300,22
Saint-Séverin-d'Estissac,81,100,19
Beauregard-et-Bassac,282,300,18
Soudat,84,100,16
Saint-Mesmin,266,300,34
Eygurande-et-Gardedeuil,377,400,23
Marnac,186,200,14
Saint-Marcory,53,100,47
Lusignac,189,200,11
Baneuil,345,400,55
Annesse-et-Beaulieu,1486,1500,14
Fougueyrolles,472,500,28
Pressignac-Vicq,468,500,32
Bosset,199,200,1
Cladech,93,100,7
Savignac-de-Nontron,195,200,5
Hautefort,1073,1100,27
Monplaisant,276,300,24
Saint-Pierre-de-Côle,460,500,40
Creysse,1854,1900,46
Saint-Vivien,287,300,13
Saint-Martin-des-Combes,192,200,8
Montferrand-du-Périgord,177,200,23
Bussière-Badil,466,500,34
Thénac,374,400,26
Bouteilles-Saint-Sébastien,192,200,8
La Chapelle-Montabourlet,67,100,33
Saint-Pantaly-d'Ans,154,200,46
Monbazillac,922,1000,78
Vergt-de-Biron,183,200,17
Sainte-Croix,90,100,10
Payzac,1069,1100,31
Creyssac,93,100,7
Grignols,584,600,16
Montagnac-la-Crempse,378,400,22
Exincourt,3164,3200,36
Amondans,93,100,7
Longevelle-lès-Russey,49,100,51
Fourbanne,175,200,25
Montancy,161,200,39
Ougney-Douvot,197,200,3
Orve,68,100,32
Montperreux,771,800,29
Autechaux,392,400,8
Thoraise,288,300,12
L'Hôpital-Saint-Lieffroy,92,100,8
Présentevillers,467,500,33
Mésandans,190,200,10
Plaimbois-Vennes,76,100,24
Avilley,181,200,19
La Prétière,177,200,23
Ouvans,75,100,25
Villers-sous-Montrond,180,200,20
Longechaux,58,100,42
Saint-Julien-lès-Montbéliard,176,200,24
Fourcatier-et-Maison-Neuve,81,100,19
Champoux,88,100,12
Rennes-sur-Loue,92,100,8
Montbenoît,391,400,9
Péseux,95,100,5
Mondon,81,100,19
Autechaux-Roide,563,600,37
Bethoncourt,5971,6100,129
Le Puy,89,100,11
Étrappe,191,200,9
Tallenay,396,400,4
Bulle,387,400,13
Goux-lès-Dambelin,274,300,26
Raynans,274,300,26
Rouhe,80,100,20
Dambelin,487,500,13
Liebvillers,168,200,32
Champagney,264,300,36
Hôpitaux-Vieux,355,400,45
Chalèze,356,400,44
Aibre,454,500,46
Noël-Cerneux,371,400,29
Passonfontaine,281,300,19
Étrabonne,196,200,4
Montfort,90,100,10
Narbief,73,100,27
Laire,386,400,14
Uzelle,154,200,46
Épenoy,579,600,21
Montenois,1549,1600,51
Lomont-sur-Crête,162,200,38
Vyt-lès-Belvoir,180,200,20
Ronchaux,89,100,11
Sombacour,596,600,4
Charbonnières-les-Sapins,192,200,8
Pessans,78,100,22
Sancey-le-Grand,947,1000,53
By,77,100,23
Ferrières-le-Lac,184,200,16
Villars-sous-Dampjoux,395,400,5
Pouilley-les-Vignes,1898,1900,2
Aïssey,162,200,38
Glamondans,190,200,10
Serre-les-Sapins,1537,1600,63
Lavernay,594,600,6
Bouclans,971,1000,29
La Sommette,199,200,1
Durnes,156,200,44
Battenans-les-Mines,58,100,42
Rosières-sur-Barbèche,97,100,3
Valentigney,11388,11500,112
Eysson,91,100,9
Roche-lez-Beaupré,2042,2100,58
Recologne,573,600,27
La Bosse,77,100,23
Franey,277,300,23
Reculfoz,53,100,47
Noirefontaine,346,400,54
Mesmay,72,100,28
Vuillecin,588,600,12
Rosureux,81,100,19
Bretigney,85,100,15
L'Isle-sur-le-Doubs,3170,3200,30
Chenecey-Buillon,556,600,44
Cour-Saint-Maurice,170,200,30
Mont-de-Vougney,169,200,31
Écurcey,279,300,21
Hérimoncourt,3750,3900,150
Huanne-Montmartin,82,100,18
Grand'Combe-Châteleu,1365,1400,35
Courtetain-et-Salans,86,100,14
Montmahoux,95,100,5
Mont-de-Laval,192,200,8
Abbenans,355,400,45
Malans,158,200,42
Châtillon-le-Duc,1905,2000,95
Champlive,260,300,40
Routelle,481,500,19
Dung,654,700,46
Beure,1356,1400,44
Blussans,187,200,13
Jallerange,191,200,9
Bart,1898,1900,2
Arçon,771,800,29
Flagey-Rigney,75,100,25
Pontarlier,18456,18600,144
Étouvans,760,800,40
Branne,173,200,27
Mandeure,4933,5000,67
Gondenans-Montby,169,200,31
Villeneuve-d'Amont,273,300,27
Nans,88,100,12
Dompierre-les-Tilleuls,248,300,52
Dampierre-sur-le-Doubs,498,500,2
Chapelle-des-Bois,264,300,36
Cusance,84,100,16
Chaffois,887,900,13
Meslières,350,400,50
Montussaint,71,100,29
Côtebrune,72,100,28
Bians-les-Usiers,572,600,28
Pouligney-Lusans,787,800,13
Avanne-Aveney,2340,2400,60
Vennans,187,200,13
Vaux-les-Prés,360,400,40
Arbouans,992,1000,8
Neuchâtel-Urtière,163,200,37
Colombier-Fontaine,1376,1400,24
Rillans,86,100,14
Belvoir,98,100,2
Montbéliard,25875,26200,325
Montgesoye,493,500,7
La Cluse-et-Mijoux,1197,1200,3
Vaudrivillers,81,100,19
Cuse-et-Adrisans,271,300,29
Lavans-Quingey,188,200,12
Vauclusotte,97,100,3
Badevel,850,900,50
Fessevillers,174,200,26
Le Crouzet,68,100,32
La Chevillotte,98,100,2
Mathay,2151,2200,49
Devecey,1350,1400,50
Bonnétage,782,800,18
Placey,146,200,54
Luxiol,166,200,34
Cademène,90,100,10
La Bretenière,63,100,37
Marvelise,155,200,45
Adam-lès-Passavant,99,100,1
Goumois,179,200,21
Lanthenans,62,100,38
Villars-sous-Écot,379,400,21
Orsans,161,200,39
Crosey-le-Grand,179,200,21
Beutal,275,300,25
Saint-Point-Lac,276,300,24
Vernois-lès-Belvoir,63,100,37
Vaux-et-Chantegrue,567,600,33
Montrond-le-Château,558,600,42
Hyèvre-Magny,74,100,26
Osselle,397,400,3
Franois,1860,1900,40
Belmont,60,100,40
Pont-les-Moulins,177,200,23
Villers-Buzon,262,300,38
Hyèvre-Paroisse,193,200,7
Accolans,98,100,2
Athose,168,200,32
Mercey-le-Grand,480,500,20
Trévillers,476,500,24
Voires,55,100,45
Gémonval,80,100,20
Cendrey,182,200,18
Le Bizot,267,300,33
Onans,375,400,25
Battenans-Varin,67,100,33
Bournois,183,200,17
Cernay-l'Église,272,300,28
Bugny,158,200,42
Belleherbe,587,600,13
Feule,178,200,22
Sancey-le-Long,360,400,40
Ouhans,370,400,30
Santoche,76,100,24
Silley-Bléfond,76,100,24
Buffard,163,200,37
Villers-la-Combe,49,100,51
Damprichard,1769,1800,31
Sochaux,4060,4200,140
Loray,495,500,5
Villers-Grélot,154,200,46
Fleurey,97,100,3
Berthelange,267,300,33
Myon,184,200,16
Samson,83,100,17
Moncey,483,500,17
Trouvans,86,100,14
Gennes,599,600,1
Vellevans,187,200,13
Thise,3191,3200,9
Lougres,773,800,27
Corcelles-Ferrières,189,200,11
Courcelles,75,100,25
Chamesol,398,400,2
Bavans,3573,3600,27
Cubry,80,100,20
Bondeval,473,500,27
Cussey-sur-Lison,61,100,39
Blussangeaux,76,100,24
Breconchaux,91,100,9
Échevannes,84,100,16
Chouzelot,289,300,11
Montferrand-le-Château,2195,2200,5
Germondans,65,100,35
Byans-sur-Doubs,566,600,34
Montécheroux,566,600,34
Froidevaux,60,100,40
Vuillafans,697,700,3
Besançon,116914,117600,686
Fontenotte,57,100,43
Villars-lès-Blamont,445,500,55
Villers-sous-Chalamont,271,300,29
Saint-Gorgon-Main,270,300,30
Oye-et-Pallet,693,700,7
Dammartin-les-Templiers,198,200,2
La Grange,90,100,10
Hautepierre-le-Châtelet,89,100,11
Gondenans-les-Moulins,74,100,26
Novillars,1544,1600,56
Rougemontot,86,100,14
Pont-de-Roide,4468,4600,132
Servin,188,200,12
Goux-les-Usiers,699,700,1
Mancenans-Lizerne,185,200,15
Grandfontaine-sur-Creuse,84,100,16
Courchapon,169,200,31
Villedieu,172,200,28
Maisons-du-Bois-Lièvremont,599,600,1
Boussières,1094,1100,6
Sauvagney,159,200,41
Rantechaux,184,200,16
Bremondans,79,100,21
Lizine,92,100,8
Chay,193,200,7
Saint-Juan,182,200,18
Chaux-lès-Clerval,195,200,5
Chaux-Neuve,261,300,39
Mouthe,968,1000,32
Granges-Gontardes,542,600,58
Montjoyer,267,300,33
Poyols,76,100,24
Barret-de-Lioure,75,100,25
La Motte-Chalancon,395,400,5
Bouvières,150,200,50
Montferrand-la-Fare,43,100,57
Bellecombe-Tarendol,96,100,4
Cornillac,85,100,15
Glandage,97,100,3
Buis-les-Baronnies,2271,2300,29
Fay-le-Clos,153,200,47
Montaulieu,74,100,26
Montfroc,80,100,20
Saint-Bardoux,582,600,18
Veaunes,287,300,13
Nyons,6950,7100,150
La Motte-Fanjas,165,200,35
Chabrillan,666,700,34
Montrigaud,490,500,10
Montéléger,1836,1900,64
La Roche-de-Glun,3167,3200,33
Salles-sous-Bois,193,200,7
La Coucourde,978,1000,22
Le Pègue,395,400,5
Valence,63405,64500,1095
Aubenasson,68,100,32
Eygluy-Escoulin,64,100,36
Cornillon-sur-l'Oule,74,100,26
Saint-Agnan-en-Vercors,378,400,22
Châtillon-en-Diois,563,600,37
Espeluche,1050,1100,50
Die,4357,4400,43
Livron-sur-Drôme,8972,9000,28
Sainte-Jalle,277,300,23
Bénivay-Ollon,67,100,33
Dieulefit,3004,3100,96
Taulignan,1580,1600,20
Beaurières,85,100,15
Francillon-sur-Roubion,178,200,22
Chalancon,63,100,37
Tain-l'Hermitage,5853,5900,47
Sainte-Croix,82,100,18
Félines-sur-Rimandoule,70,100,30
Barnave,166,200,34
Saint-Sauveur-en-Diois,63,100,37
Saint-Restitut,1390,1400,10
Eygalayes,69,100,31
Miribel,263,300,37
Teyssières,81,100,19
Cobonne,165,200,35
Montguers,57,100,43
Luc-en-Diois,499,500,1
Crupies,91,100,9
Bésignan,65,100,35
Portes-en-Valdaine,382,400,18
La Laupie,691,700,9
Mornans,70,100,30
Vesc,284,300,16
Larnage,993,1000,7
Sauzet,1836,1900,64
Saint-Martin-en-Vercors,396,400,4
Beauregard-Baret,792,800,8
Beauvallon,1595,1600,5
Barsac,159,200,41
Pilles,254,300,46
Condillac,147,200,53
Réauville,377,400,23
Curnier,197,200,3
Clansayes,544,600,56
Châtillon-Saint-Jean,1178,1200,22
Omblèze,68,100,32
Bonlieu-sur-Roubion,372,400,28
Bellegarde-en-Diois,75,100,25
Bézaudun-sur-Bîne,87,100,13
Montmaur-en-Diois,79,100,21
Colonzelle,478,500,22
Allex,2495,2500,5
Barcelonne,359,400,41
Montclar-sur-Gervanne,184,200,16
Chanos-Curson,1095,1100,5
Verclause,71,100,29
Manas,183,200,17
Hostun,956,1000,44
Beaumont-lès-Valence,3796,3800,4
Roche-Saint-Secret-Béconne,363,400,37
Aix-en-Diois,357,400,43
Piégros-la-Clastre,845,900,55
Mirmande,497,500,3
Marignac-en-Diois,175,200,25
Chaudebonne,57,100,43
Ratières,273,300,27
Saint-Jean-en-Royans,2979,3000,21
Châteauneuf-de-Galaure,1572,1600,28
Gigors-et-Lozeron,168,200,32
Sainte-Euphémie-sur-Ouvèze,86,100,14
Génissieux,1992,2000,8
Clérieux,2040,2100,60
Séderon,290,300,10
Beaumont-en-Diois,79,100,21
Condorcet,484,500,16
Saint-Roman,163,200,37
Arpavon,80,100,20
Lesches-en-Diois,58,100,42
Vassieux-en-Vercors,344,400,56
Pont-de-Barret,586,600,14
Châteauneuf-de-Bordette,99,100,1
Rousset-les-Vignes,287,300,13
Pontaix,166,200,34
Beauvoisin,181,200,19
Échevis,52,100,48
Saint-Andéol,60,100,40
Suze,234,300,66
Comps,167,200,33
Saint-Martin-le-Colonel,163,200,37
Mirabel-et-Blacons,893,900,7
Cléon-d'Andran,883,900,17
La Roche-sur-Grane,164,200,36
Montchenu,572,600,28
Montlaur-en-Diois,156,200,44
Plaisians,175,200,25
Ballons,81,100,19
Marsanne,1181,1200,19
Saint-Sauveur-Gouvernet,197,200,3
La Penne-sur-l'Ouvèze,95,100,5
Souspierre,98,100,2
Vaunaveys-la-Rochette,587,600,13
La Rochette-du-Buis,65,100,35
La Chapelle-en-Vercors,675,700,25
Montbrun-les-Bains,470,600,130
Saint-Étienne-sous-Bailleul,397,400,3
Brestot,482,500,18
Le Fidelaire,992,1000,8
Dangu,587,600,13
Neaufles-Saint-Martin,1184,1200,16
Amécourt,177,200,23
Vesly,685,700,15
Gisors,11554,11700,146
Barils,191,200,9
Grosley-sur-Risle,549,600,51
Lignerolles,286,300,14
Écouis,794,800,6
Saint-Christophe-sur-Avre,147,200,53
Barquet,394,400,6
Perriers-la-Campagne,369,400,31
Louviers,17734,18200,466
Cahaignes,359,400,41
Thilliers-en-Vexin,467,500,33
Venables,789,800,11
Goupillières,780,800,20
Bérengeville-la-Campagne,288,300,12
Saint-Marcel,4909,5000,91
Jouy-sur-Eure,566,600,34
Pacy-sur-Eure,4637,4800,163
Quatremare,389,400,11
Bernay,10449,10500,51
Bouchevilliers,74,100,26
Theillement,384,400,16
Bosguérard-de-Marcouville,597,600,3
Le Fresne,295,300,5
Colletot,171,200,29
Bourneville,882,900,18
Iville,467,500,33
La Boissière,270,300,30
Saint-Antonin-de-Sommaire,166,200,34
Essarts,386,400,14
Grandvilliers,366,400,34
Port-Mort,970,1000,30
Aclou,266,300,34
Bosgouet,599,600,1
Saint-Léger-du-Gennetey,159,200,41
Armentières-sur-Avre,186,200,14
Tournedos-sur-Seine,99,100,1
Croth,1259,1300,41
Bosc-Renoult-en-Ouche,166,200,34
Chambray,455,500,45
Château-sur-Epte,578,600,22
Ormes,468,500,32
Plainville,192,200,8
Normanville,1090,1100,10
Mercey,52,100,48
Villiers-en-Désœuvre,880,900,20
Routot,1384,1400,16
Saint-Aubin-du-Thenney,357,400,43
Neuville-sur-Authou,191,200,9
Bémécourt,469,500,31
Saint-Sulpice-de-Grimbouville,185,200,15
Boisemont,777,800,23
Saint-Nicolas-du-Bosc,270,300,30
Andelys,8205,8300,95
Caorches-Saint-Nicolas,582,600,18
Richeville,278,300,22
Saint-Denis-d'Augerons,86,100,14
Épreville-en-Lieuvin,188,200,12
Foucrainville,83,100,17
Dardez,165,200,35
La Croix-Saint-Leufroy,1087,1100,13
Nassandres,1375,1400,25
Louversey,585,600,15
Appeville-Annebault,884,900,16
Bosc-Bénard-Crescy,363,400,37
Thibouville,284,300,16
Hacqueville,463,500,37
Saint-Denis-du-Béhélan,180,200,20
Dame-Marie,94,100,6
Vitot,493,500,7
Parville,278,300,22
Le Boulay-Morin,682,700,18
Villez-sur-le-Neubourg,277,300,23
Vraiville,596,600,4
Heubécourt-Haricourt,456,500,44
Cormeilles,1174,1200,26
Le Mesnil-Fuguet,185,200,15
Courbépine,699,700,1
Barneville-sur-Seine,467,500,33
Chaignes,275,300,25
Serquigny,2051,2200,149
Chanteloup,89,100,11
L'Hosmes,80,100,20
Sainte-Marie-de-Vatimesnil,252,300,48
Glisolles,833,900,67
Valailles,382,400,18
Le Landin,178,200,22
Honguemare-Guenouville,595,600,5
Daubeuf-près-Vatteville,486,500,14
Harquency,270,300,30
Chamblac,375,400,25
Cantiers,199,200,1
Ferrières-Saint-Hilaire,397,400,3
Vieux-Port,58,100,42
Bazoques,169,200,31
Radepont,746,800,54
Brionne,4297,4300,3
Beauficel-en-Lyons,175,200,25
Tilly,563,600,37
Flancourt-Catelon,479,500,21
Damville,1982,2000,18
Bois-Anzeray,171,200,29
Acquigny,1574,1600,26
Le Val-David,761,800,39
Val-de-Reuil,13380,13700,320
Piseux,653,700,47
Duranville,162,200,38
Acon,473,500,27
Pinterville,775,800,25
Feuguerolles,182,200,18
Carsix,245,300,55
Épreville-près-le-Neubourg,498,500,2
Sassey,171,200,29
Saint-Maclou,563,600,37
Hébécourt,596,600,4
Saint-Amand-des-Hautes-Terres,282,300,18
Thevray,292,300,8
Bueil,1473,1500,27
Boissy-Lamberville,289,300,11
Panilleuse,458,500,42
Amfreville-la-Campagne,896,900,4
Vatteville,195,200,5
Lorleau,142,200,58
Fleury-la-Forêt,281,300,19
Moisville,175,200,25
Guitry,278,300,22
Morainville-Jouveaux,380,400,20
Saint-Pierre-d'Autils,993,1000,7
Saint-Aquilin-de-Pacy,561,600,39
Breuilpont,1193,1200,7
Marais-Vernier,494,500,6
Saint-Mards-de-Blacarville,780,800,20
Le Noyer-en-Ouche,196,200,4
Mouflaines,155,200,45
Gouttières,197,200,3
Jonquerets-de-Livet,287,300,13
Saint-Ouen-du-Tilleul,1563,1600,37
Bretagnolles,184,200,16
Saint-Ouen-des-Champs,293,300,7
Lilly,71,100,29
Damps,1264,1300,36
Notre-Dame-d'Épine,74,100,26
Mousseaux-Neuville,669,700,31
Chambord,167,200,33
La Pyle,159,200,41
Le Tronquay,490,500,10
Folleville,197,200,3
Graveron-Sémerville,291,300,9
Roman,280,300,20
Bourgtheroulde-Infreville,2852,2900,48
Villers-en-Vexin,279,300,21
Cierrey,657,700,43
Fontaine-l'Abbé,598,600,2
Perruel,466,500,34
Hondouville,771,800,29
Le Favril,170,200,30
Saint-Philbert-sur-Boissey,168,200,32
Barville,76,100,24
La Haye-de-Routot,271,300,29
Douains,456,500,44
La Heunière,252,300,48
La Ferrière-sur-Risle,269,300,31
Sainte-Marthe,449,500,51
Amfreville-sur-Iton,772,800,28
Hennezis,763,800,37
Gadencourt,390,400,10
Le Cormier,391,400,9
Reuilly,580,600,20
Ivry-la-Bataille,2556,2600,44
Lieurey,1399,1400,1
Rouvray,278,300,22
Épreville-en-Roumois,384,400,16
Gournay-le-Guérin,145,200,55
Pullay,386,400,14
Berthouville,290,300,10
Le Tilleul-Othon,381,400,19
Sainte-Croix-sur-Aizier,261,300,39
Piencourt,175,200,25
Guernanville,90,100,10
La Goulafrière,173,200,27
Condé-sur-Iton,891,900,9
Mesnil-Verclives,274,300,26
Saint-Ouen-d'Attez,272,300,28
Rugles,2367,2400,33
Boncourt,172,200,28
Évreux,50537,50800,263
Saint-Philbert-sur-Risle,790,800,10
Boisney,281,300,19
Hauville,1281,1300,19
Saint-Ouen-de-Pontcheuil,97,100,3
Éturqueraye,282,300,18
Quittebeuf,598,600,2
Bernienville,274,300,26
Saint-Aubin-le-Guichard,293,300,7
Mesnil-sur-l'Estrée,976,1000,24
Fontaine-sous-Jouy,775,800,25
Saint-Victor-sur-Avre,65,100,35
Breteuil,3347,3400,53
Courteilles,144,200,56
Tourny,897,900,3
Corneuil,481,500,19
Fours-en-Vexin,188,200,12
Mélicourt,99,100,1
Villalet,89,100,11
Broglie,1099,1100,1
Lisors,353,400,47
Le Manoir,1195,1200,5
Huest,675,700,25
Criquebeuf-sur-Seine,1189,1200,11
Hardencourt-Cocherel,283,300,17
Le Plessis-Sainte-Opportune,275,300,25
Farceaux,292,300,8
Guerny,172,200,28
Le Bosc-Roger-en-Roumois,3178,3200,22
La Haye-du-Theil,267,300,33
Muids,861,900,39
Lyons-la-Forêt,752,800,48
Bretigny,168,200,32
Le Troncq,155,200,45
Noards,59,100,41
Portes,265,300,35
Beaubray,292,300,8
Notre-Dame-de-l'Isle,677,700,23
Garencières,554,600,46
Fleury-sur-Andelle,1876,1900,24
Saint-Paul-de-Fourques,287,300,13
Conches-en-Ouche,4993,5000,7
Saint-Laurent-du-Tencement,51,100,49
Tillières-sur-Avre,1151,1200,49
Illiers-l'Évêque,991,1000,9
Verneuil-sur-Avre,6205,6500,295
Villettes,177,200,23
La Chapelle-Hareng,85,100,15
Crosville-la-Vieille,569,600,31
Champ-Dolent,54,100,46
Saint-Aubin-le-Vertueux,879,900,21
Authevernes,359,400,41
Asnières,299,300,1
Places,75,100,25
Épieds,372,400,28
Andé,1094,1100,6
Ailly,1095,1100,5
Mondonville-Saint-Jean,91,100,9
Épeautrolles,187,200,13
Ressuintes,144,200,56
Neuvy-en-Beauce,190,200,10
Guillonville,445,500,55
Janville,1792,1800,8
Vaupillon,472,500,28
Billancelles,299,300,1
Amilly,1871,1900,29
Mottereau,157,200,43
Orrouer,272,300,28
Brou,3471,3500,29
Faverolles,893,900,7
Saint-Georges-sur-Eure,2468,2500,32
Fessanvilliers-Mattanvilliers,174,200,26
Pézy,252,300,48
Baudreville,282,300,18
Montigny-sur-Avre,257,300,43
Moulhard,158,200,42
Gas,760,800,40
Moléans,475,500,25
Chapelle-Royale,350,400,50
Ouarville,579,600,21
Rouvray-Saint-Florentin,197,200,3
Garancières-en-Drouais,298,300,2
Voise,285,300,15
Montigny-le-Gannelon,498,500,2
Montlandon,265,300,35
Margon,1203,1300,97
Châtelets,98,100,2
Chartainvilliers,738,800,62
Louvilliers-lès-Perche,160,200,40
La Chapelle-d'Aunainville,297,300,3
Tillay-le-Péneux,355,400,45
Néron,598,600,2
Charbonnières,262,300,38
Louville-la-Chenard,282,300,18
Manou,570,600,30
Senonches,3148,3200,52
Landelles,569,600,31
Maintenon,4473,4500,27
Rouvres,875,900,25
Villiers-Saint-Orien,168,200,32
Crécy-Couvé,272,300,28
Trancrainville,177,200,23
Lumeau,187,200,13
Luplanté,395,400,5
Marboué,1137,1200,63
Roinville,387,400,13
Châtillon-en-Dunois,760,800,40
Thiville,368,400,32
Oysonville,498,500,2
Saint-Prest,2040,2100,60
Pré-Saint-Évroult,298,300,2
Beaumont-les-Autels,459,500,41
Chartres,38931,39200,269
Francourville,777,800,23
Oinville-Saint-Liphard,267,300,33
Saint-Luperce,875,900,25
Saint-Pellerin,362,400,38
La Ferté-Vidame,729,800,71
Maillebois,984,1000,16
Conie-Molitard,379,400,21
Yermenonville,571,600,29
Santeuil,274,300,26
Gommerville,596,600,4
Bazoches-en-Dunois,261,300,39
Santilly,356,400,44
La Saucelle,167,200,33
Aunay-sous-Crécy,568,600,32
Thivars,951,1000,49
Méréglise,97,100,3
Escorpain,264,300,36
La Mancelière,191,200,9
Bailleau-Armenonville,1390,1400,10
Charonville,291,300,9
Villeau,172,200,28
Favières,497,500,3
Terminiers,990,1000,10
Frétigny,492,500,8
Magny,663,700,37
Pinthières,182,200,18
La Loupe,3483,3500,17
Dreux,31031,31200,169
La Chapelle-Fortin,185,200,15
Vieuvicq,465,500,35
Marolles-les-Buis,249,300,51
Houville-la-Branche,483,500,17
Beauche,292,300,8
Ymonville,496,500,4
Allainville,142,200,58
Villebon,72,100,28
Saussay,1047,1100,53
Blandainville,231,300,69
Vernouillet,11751,11800,49
Meslay-le-Grenet,292,300,8
Réclainville,181,200,19
Argenvilliers,368,400,32
Saint-Arnoult-des-Bois,889,900,11
Lanneray,569,600,31
Mézières-en-Drouais,1061,1100,39
Crucey-Villages,475,500,25
Sandarville,391,400,9
Trizay-lès-Bonneval,296,300,4
Fresnay-l'Évêque,697,700,3
Rueil-la-Gadelière,499,500,1
Pré-Saint-Martin,164,200,36
Guilleville,180,200,20
Sancheville,798,800,2
Bleury,488,500,12
Arrou,1653,1700,47
Châteaudun,13640,13900,260
Guainville,670,700,30
Dambron,89,100,11
Jallans,795,800,5
Boncourt,276,300,24
Champseru,291,300,9
La Gaudaine,177,200,23
Saint-Maur-sur-le-Loir,376,400,24
Jaudrais,357,400,43
Cernay,79,100,21
Écrosnes,785,800,15
Ouerre,674,700,26
Langey,355,400,45
Gilles,564,600,36
Courville-sur-Eure,2794,2800,6
Berchères-les-Pierres,985,1000,15
Prudemanche,252,300,48
Nogent-le-Rotrou,10884,11100,216
Coudray-au-Perche,384,400,16
Luisant,6834,6900,66
La Chapelle-Forainvilliers,175,200,25
Saint-Lubin-de-Cravant,62,100,38
Le Mée,270,300,30
Sorel-Moussel,1767,1800,33
Berchères-Saint-Germain,769,800,31
Corancez,395,400,5
Saint-Ange-et-Torçay,278,300,22
Denonville,763,800,37
Ardelu,73,100,27
Saint-Laurent-la-Gâtine,445,500,55
Marchéville,491,500,9
Saint-Jean-Pierre-Fixte,280,300,20
Chauffours,281,300,19
La Puisaye,249,300,51
Vérigny,299,300,1
Bailleau-l'Évêque,1183,1200,17
Trizay-Coutretot-Saint-Serge,473,500,27
Ermenonville-la-Petite,185,200,15
Serville,361,400,39
Écluzelles,167,200,33
Dampierre-sous-Brou,498,500,2
Daoulas,1782,1800,18
Kerlouan,2284,2300,16
Peumérit,781,800,19
Plouescat,3609,3700,91
La Feuillée,654,700,46
Le Relecq-Kerhuon,10762,10800,38
Plovan,674,700,26
Hanvec,1959,2000,41
Leuhan,791,800,9
Saint-Hernin,748,800,52
Sainte-Sève,871,900,29
Beuzec-Cap-Sizun,1064,1100,36
Guerlesquin,1369,1400,31
Saint-Ségal,996,1000,4
Botsorhel,463,500,37
Tréflévénez,281,300,19
Riec-sur-Belon,4131,4200,69
Lennon,790,800,10
Saint-Jean-Trolimon,998,1000,2
Le Juch,740,800,60
Trébabu,365,400,35
Port-Launay,440,500,60
Saint-Pol-de-Léon,6904,7000,96
Plougoulm,1798,1800,2
Saint-Rivoal,170,200,30
Guengat,1635,1700,65
Fouesnant,9155,9600,445
Pont-Aven,2844,2900,56
Le Cloître-Pleyben,579,600,21
Henvic,1298,1300,2
Île-de-Batz,507,600,93
Saint-Martin-des-Champs,4759,4900,141
Le Faou,1738,1800,62
Bolazec,192,200,8
Plouvorn,2763,2800,37
Carantec,3189,3300,111
Lanmeur,2171,2200,29
Guipavas,13403,13800,397
Concarneau,19048,20100,1052
Santec,2284,2300,16
Gouesnou,6126,6300,174
Pouldergat,1248,1300,52
Pleyber-Christ,3070,3100,30
Goulven,455,500,45
Plourin-lès-Morlaix,4448,4500,52
Ploudiry,895,900,5
Loctudy,4136,4200,64
Collorec,664,700,36
Garlan,990,1000,10
Lampaul-Plouarzel,2054,2100,46
Guilvinec,2892,3000,108
Trézilidé,277,300,23
Ouessant,871,900,29
Morlaix,15421,15600,179
Saint-Urbain,1492,1500,8
Mahalon,881,900,19
Locronan,793,800,7
Plouguin,2085,2100,15
Plouégat-Guérand,1080,1100,20
Mespaul,891,900,9
Dirinon,2455,2500,45
Plouvien,3693,3700,7
Roscanvel,909,1000,91
Le Ponthou,164,200,36
Lannéanou,360,400,40
Ploudaniel,3683,3700,17
Châteauneuf-du-Faou,3666,3700,34
Audierne,2208,2300,92
Sibiril,1245,1300,55
Landévennec,346,400,54
Laz,696,700,4
Querrien,1696,1700,4
Quimper,63550,63900,350
Pont-Croix,1766,1800,34
Pleyben,3690,3700,10
Gourlizon,881,900,19
Plogoff,1335,1400,65
Douarnenez,14912,15100,188
Cléden-Poher,1094,1100,6
Île-de-Sein,195,200,5
Saint-Goazec,699,700,1
Plouhinec,4165,4300,135
Saint-Sauveur,771,800,29
Carhaix-Plouguer,7659,7700,41
Brest,141303,142100,797
Plouezoc'h,1585,1600,15
Logonna-Daoulas,2093,2100,7
La Martyre,763,800,37
Bez-et-Esparon,360,400,40
Saint-Laurent-le-Minier,365,400,35
Saint-Victor-des-Oules,281,300,19
Sardan,282,300,18
Lussan,480,500,20
Saint-Dionisy,898,900,2
Connaux,1563,1600,37
Corconne,555,600,45
Codognan,2441,2500,59
Lasalle,1076,1100,24
Concoules,243,300,57
Poulx,4032,4100,68
Mialet,586,600,14
Bonnevaux,98,100,2
Mandagout,386,400,14
Cros,253,300,47
Le Cailar,2362,2400,38
Lamelouze,99,100,1
Saint-Bénézet,289,300,11
Saint-Christol-de-Rodières,166,200,34
Saint-Martial,198,200,2
Saint-Paulet-de-Caisson,1771,1800,29
Manduel,5690,5700,10
Salles-du-Gardon,2547,2600,53
Saint-Bresson,55,100,45
Angles,8240,8300,60
Plantiers,243,300,57
Saint-Jean-du-Gard,2684,2700,16
Aigaliers,489,500,11
Saint-Michel-d'Euzet,583,600,17
Saint-Alexandre,1090,1100,10
Anduze,3287,3300,13
Molières-sur-Cèze,1595,1600,5
Massillargues-Attuech,688,700,12
Saint-Côme-et-Maruéjols,798,800,2
Peyremale,284,300,16
Dourbies,188,200,12
Salazac,187,200,13
Sainte-Cécile-d'Andorge,569,600,31
Meyrannes,843,900,57
Aujac,181,200,19
Chamborigaud,794,800,6
Fournès,893,900,7
Corbès,148,200,52
Montagnac,174,200,26
Aubord,2369,2400,31
Saint-Sauveur-Camprieu,269,300,31
Avèze,1072,1100,28
Saint-Bonnet-de-Salendrinque,98,100,2
Le Vigan,3942,4000,58
La Grand-Combe,5163,5200,37
Parignargues,581,600,19
Saint-Roman-de-Codières,187,200,13
Tharaux,63,100,37
Aigremont,670,700,30
Sauveterre,1779,1900,121
La Vernarède,347,400,53
Saint-Paul-la-Coste,288,300,12
Aspères,493,500,7
Servas,194,200,6
L'Estréchure,176,200,24
Saint-Césaire-de-Gauzignan,297,300,3
Caissargues,3735,3800,65
Chambon,287,300,13
Vic-le-Fesq,396,400,4
Génolhac,877,900,23
Bagnols-sur-Cèze,18245,18500,255
Bouquet,181,200,19
Vabres,97,100,3
Logrian-Florian,272,300,28
Valleraugue,1059,1100,41
Allègre-les-Fumades,793,800,7
Saint-André-de-Valborgne,466,500,34
Bordezac,359,400,41
Bessèges,3106,3200,94
Tresques,1772,1800,28
Massanes,192,200,8
Colognac,199,200,1
Tornac,893,900,7
Ners,694,700,6
Chusclan,983,1000,17
Arphy,171,200,29
Montdardier,195,200,5
Saint-Dézéry,387,400,13
Arre,289,300,11
Vallabrix,379,400,21
Vissec,53,100,47
La Roque-sur-Cèze,173,200,27
Montclus,143,200,57
Dions,584,600,16
Saint-Ambroix,3389,3400,11
Marguerittes,8634,8700,66
Soustelle,152,200,48
Sommières,4479,4500,21
Vauvert,11023,11200,177
Villeneuve-lès-Avignon,12384,12800,416
Saint-Jean-de-Ceyrargues,163,200,37
Soudorgues,281,300,19
Lédenon,1380,1400,20
Portes,365,400,35
Mons,1455,1500,45
Saint-Nazaire-des-Gardies,79,100,21
Saint-Maurice-de-Cazevieille,653,700,47
Saint-Laurent-de-Carnols,472,500,28
Saint-Gervais,664,700,36
Mars,174,200,26
Canaules-et-Argentières,398,400,2
Saint-Just-et-Vacquières,299,300,1
Pommiers,63,100,37
Lunax,60,100,40
Arbon,92,100,8
Castillon-de-Larboust,65,100,35
Saint-Aventin,87,100,13
Pin-Balma,887,900,13
Ausseing,72,100,28
Bragayrac,272,300,28
Esténos,185,200,15
Juzes,80,100,20
Lacaugne,198,200,2
Saint-Gaudens,11248,11700,452
Lez,62,100,38
Vigoulet-Auzil,944,1000,56
Saint-Julia,369,400,31
Castagnède,176,200,24
Fos,252,300,48
Cardeilhac,256,300,44
Mondavezan,787,800,13
Monestrol,60,100,40
Figarol,276,300,24
Montauban-de-Luchon,465,500,35
Montgiscard,2068,2100,32
Mauvezin,83,100,17
Le Pin-Murelet,184,200,16
Boussens,1088,1100,12
Sarrecave,78,100,22
Saint-Martory,876,900,24
Mérenvielle,472,500,28
Antichan-de-Frontignes,82,100,18
Gratentour,3545,3600,55
Le Faget,366,400,34
Tourreilles,376,400,24
Mervilla,266,300,34
Gauré,492,500,8
Francarville,175,200,25
Vernet,2080,2100,20
Nénigan,60,100,40
Montastruc-Savès,64,100,36
Tournefeuille,25340,25600,260
Saint-Ferréol-de-Comminges,53,100,47
Salerm,55,100,45
Caraman,2357,2400,43
Labastide-Saint-Sernin,1799,1800,1
Tour,80,100,20
Lourde,98,100,2
Aulon,360,400,40
Montclar-de-Comminges,75,100,25
Saint-Geniès-Bellevue,2164,2200,36
Montgaillard-de-Salies,97,100,3
Bagiry,83,100,17
Portet-sur-Garonne,9435,9800,365
Pouze,97,100,3
Frontignan-Savès,60,100,40
Saint-Christaud,260,300,40
Espanès,262,300,38
Moustajon,169,200,31
Montastruc-de-Salies,272,300,28
Sarremezan,98,100,2
Baziège,3189,3200,11
Laffite-Toupière,85,100,15
Mirambeau,53,100,47
Ambax,70,100,30
Lafitte-Vigordane,1059,1100,41
Lescuns,57,100,43
Cuguron,195,200,5
Chein-Dessus,194,200,6
Izaut-de-l'Hôtel,293,300,7
Roquefort-sur-Garonne,783,800,17
Larcan,181,200,19
Belberaud,1273,1300,27
Pins-Justaret,4454,4500,46
Saint-Félix-Lauragais,1336,1400,64
Mondilhan,91,100,9
Bouzin,81,100,19
Cazac,84,100,16
L'Isle-en-Dodon,1984,2100,116
Villaudric,1398,1400,2
Sabonnères,294,300,6
Deyme,855,900,45
Plagnole,266,300,34
Beaupuy,1275,1300,25
Beauteville,185,200,15
Blajan,493,500,7
Saint-Plancard,374,400,26
Canens,57,100,43
Arguenos,53,100,47
Saint-Béat,393,400,7
Cazaril-Tambourès,73,100,27
Vallesvilles,376,400,24
Castelgaillard,58,100,42
Saint-Pierre-de-Lages,770,800,30
Saint-Mamet,574,600,26
Beaufort,353,400,47
Lécussan,289,300,11
Herran,68,100,32
Bezins-Garraux,51,100,49
Auriac-sur-Vendinelle,996,1000,4
Juzet-de-Luchon,389,400,11
Montgaillard-sur-Save,78,100,22
Lodes,279,300,21
Ciadoux,264,300,36
Castéra-Vignoles,63,100,37
Saint-Paul-d'Oueil,50,100,50
Huos,465,500,35
Miramont-de-Comminges,793,800,7
Goutevernisse,159,200,41
Saint-Hilaire,1078,1100,22
Brignemont,390,400,10
Ponlat-Taillebourg,557,600,43
Proupiary,69,100,31
Luscan,69,100,31
Pointis-de-Rivière,847,900,53
Drémil-Lafage,2473,2600,127
Couret,187,200,13
Sédeilhac,55,100,45
Signac,49,100,51
Gémil,273,300,27
Cabanac-Séguenville,172,200,28
Peyssies,465,500,35
Montberon,2768,2800,32
Montclar-Lauragais,197,200,3
L'Union,11868,12200,332
Portet-d'Aspet,71,100,29
Drudas,181,200,19
Varennes,256,300,44
Fonsorbes,11111,11200,89
Mauran,178,200,22
Lahitère,52,100,48
Saint-Thomas,565,600,35
Caignac,293,300,7
Martisserre,60,100,40
Peyrissas,94,100,6
Mane,988,1000,12
Fourquevaux,752,800,48
Lespugue,74,100,26
Bax,83,100,17
Cugnaux,15807,15900,93
Mascarville,183,200,17
Montgras,92,100,8
Frontignan-de-Comminges,68,100,32
Forgues,189,200,11
Nogaret,70,100,30
Coueilles,87,100,13
Saint-Frajou,197,200,3
Boutx,274,300,26
Valcabrère,152,200,48
Polastron,58,100,42
Esparron,61,100,39
Beauchalot,492,500,8
Fustignac,76,100,24
Balesta,177,200,23
Montoulieu-Saint-Bernard,187,200,13
Bachas,59,100,41
Monès,69,100,31
Saint-Rome,57,100,43
Saint-Jean-Lherm,377,400,23
Lapeyrère,72,100,28
Cazeaux-de-Larboust,93,100,7
Sainte-Foy-d'Aigrefeuille,1979,2000,21
Lautignac,286,300,14
Montégut-Lauragais,469,500,31
Boissède,83,100,17
Gouzens,95,100,5
Gratens,699,700,1
Plagne,89,100,11
Montgazin,165,200,35
Mazères-sur-Salat,593,600,7
Bordes-de-Rivière,496,500,4
Rouède,289,300,11
Saux-et-Pomarède,270,300,30
Auzas,193,200,7
Franquevielle,361,400,39
Peyrouzet,93,100,7
Bazus,577,600,23
Mourvilles-Basses,72,100,28
Cazaux-Layrisse,65,100,35
Escoulis,84,100,16
Benque,163,200,37
Massabrac,78,100,22
Garidech,1591,1600,9
Cazaunous,62,100,38
Grépiac,990,1000,10
Cazeneuve-Montaut,70,100,30
Castelnau-Picampeau,198,200,2
Saussens,238,300,62
Auzielle,1284,1300,16
Galié,87,100,13
Fougaron,96,100,4
Touille,258,300,42
Saleich,370,400,30
Marignac-Laspeyres,196,200,4
Martres-de-Rivière,386,400,14
Bagnères-de-Luchon,2593,2600,7
Poubeau,73,100,27
Cier-de-Rivière,261,300,39
Lespiteau,75,100,25
Milhas,175,200,25
Arlos,95,100,5
Guran,50,100,50
Le Plan,494,500,6
Clarac,558,600,42
Bellesserre,86,100,14
Saint-Clar-de-Rivière,1174,1200,26
Nizan-Gesse,92,100,8
Mourvilles-Hautes,173,200,27
Saint-Laurent,168,200,32
Saint-Bertrand-de-Comminges,256,300,44
Payssous,92,100,8
Aurignac,1179,1200,21
Arbas,241,300,59
Sainte-Livrade,283,300,17
Vaux,278,300,22
Cierp-Gaud,849,900,51
Saint-Ignan,267,300,33
Génos,96,100,4
Villeneuve-Lécussan,545,600,55
Saint-Vincent,178,200,22
Fonbeauzard,2764,2800,36
Montpitol,399,400,1
Molas,162,200,38
Garac,170,200,30
Flourens,1791,1800,9
Mont-d'Astarac,96,100,4
Terraube,393,400,7
Monguilhem,285,300,15
Tirent-Pontéjac,86,100,14
Gondrin,1161,1200,39
Samaran,87,100,13
Betcave-Aguin,96,100,4
Durban,144,200,56
Clermont-Pouyguillès,165,200,35
Termes-d'Armagnac,188,200,12
Meilhan,87,100,13
Bourrouillan,147,200,53
Plieux,165,200,35
Callian,50,100,50
Miramont-d'Astarac,361,400,39
Saint-Georges,174,200,26
Avezan,75,100,25
Le Brouilh-Monbert,236,300,64
Lamaguère,58,100,42
Mascaras,61,100,39
Cabas-Loumassès,51,100,49
Mourède,84,100,16
Ardizas,198,200,2
Armous-et-Cau,95,100,5
Lagarde-Hachan,155,200,45
Sainte-Marie,388,400,12
Galiax,179,200,21
Brugnens,251,300,49
Saint-Martin-Gimois,87,100,13
Sadeillan,83,100,17
Malabat,97,100,3
Lamothe-Goas,67,100,33
Pallanne,69,100,31
Aignan,775,800,25
Montadet,82,100,18
Peyrusse-Grande,162,200,38
Panassac,276,300,24
Puylausic,188,200,12
Magnas,74,100,26
Castéron,63,100,37
Mérens,63,100,37
Castelnau-d'Auzan,1067,1100,33
Maulichères,173,200,27
Castelnau-d'Anglès,93,100,7
Bassoues,353,400,47
Biran,399,400,1
Monblanc,368,400,32
Saint-Christaud,75,100,25
Bouzon-Gellenave,192,200,8
Tournan,198,200,2
La Sauvetat,356,400,44
Lahitte,257,300,43
Beccas,94,100,6
Séailles,67,100,33
Manas-Bastanous,89,100,11
Castex,94,100,6
Pouylebon,163,200,37
Loubersan,179,200,21
Monbardon,94,100,6
Saint-Puy,586,600,14
Cézan,172,200,28
Cadeillan,73,100,27
Caussens,593,600,7
Ladevèze-Ville,268,300,32
Traversères,79,100,21
Caillavet,189,200,11
Sémézies-Cachan,74,100,26
Pompiac,182,200,18
Taybosc,59,100,41
Belmont,152,200,48
Puységur,76,100,24
Saint-Germé,499,500,1
Noulens,98,100,2
Préchac,165,200,35
Gazax-et-Baccarisse,85,100,15
Tudelle,62,100,38
Montréal,1231,1300,69
Blousson-Sérian,55,100,45
Tillac,254,300,46
Panjas,380,400,20
Auch,21576,21700,124
Condom,7012,7200,188
Orbessan,255,300,45
Bétous,97,100,3
Estang,630,700,70
Sabaillan,156,200,44
Mansencôme,66,100,34
Giscaro,82,100,18
Bellegarde,172,200,28
Monfort,480,500,20
Mongausy,77,100,23
Saint-Justin,157,200,43
Laguian-Mazous,278,300,22
Mirande,3685,3700,15
Maumusson-Laguian,153,200,47
Peyrusse-Vieille,70,100,30
Ayguetinte,185,200,15
Izotges,90,100,10
Ansan,96,100,4
Cannet,55,100,45
Larroque-Engalin,50,100,50
Saint-André,99,100,1
Marseillan,92,100,8
Castillon-Savès,289,300,11
Castelnau-sur-l'Auvignon,170,200,30
Beaumarchés,682,700,18
Troncens,185,200,15
Beaupuy,198,200,2
Fourcès,279,300,21
Plaisance,1458,1500,42
Bazugues,67,100,33
Arblade-le-Haut,285,300,15
Mansempuy,82,100,18
Sainte-Radegonde,184,200,16
Avéron-Bergelle,154,200,46
Aussos,62,100,38
Seysses-Savès,260,300,40
Saint-Aunix-Lengros,153,200,47
Peyrecave,76,100,24
Sauvimont,71,100,29
Pébées,94,100,6
Cazaux-Villecomtal,91,100,9
Estampes,169,200,31
Laas,287,300,13
Saint-Cricq,262,300,38
Margouët-Meymes,195,200,5
Montégut-Savès,71,100,29
Aux-Aussat,260,300,40
Mouchès,73,100,27
Antras,56,100,44
Louslitges,81,100,19
Endoufielle,568,600,32
Saint-Ost,80,100,20
Tourdun,96,100,4
Aujan-Mournède,94,100,6
Lagardère,68,100,32
Mauléon-d'Armagnac,289,300,11
Sarraguzan,97,100,3
Roquepine,61,100,39
Sarragachies,254,300,46
Pis,94,100,6
Saint-Élix,193,200,7
Goutz,186,200,14
Valence-sur-Baïse,1185,1200,15
Labarthe,169,200,31
Marguestau,71,100,29
Nogaro,1980,2000,20
Gaujac,64,100,36
Goux,84,100,16
Saint-Orens,84,100,16
Ramouzens,145,200,55
Simorre,690,700,10
Cazaux-d'Anglès,133,200,67
Blanquefort,54,100,46
Gimont,2815,2900,85
Roquefort,274,300,26
Saint-Jean-le-Comtal,387,400,13
Tarsac,169,200,31
Sansan,97,100,3
Razengues,189,200,11
Monclar,199,200,1
Gazaupouy,285,300,15
Boulaur,161,200,39
Céran,181,200,19
Monties,70,100,30
Saint-Avit-Frandat,99,100,1
Chélan,190,200,10
Montégut-Arros,289,300,11
Saint-Léonard,175,200,25
Tournecoupe,283,300,17
Castet-Arrouy,191,200,9
Justian,99,100,1
Perchède,86,100,14
Castin,290,300,10
Castelnau-Barbarens,497,500,3
Roquebrune,196,200,4
Miramont-Latour,153,200,47
Larroque-Saint-Sernin,165,200,35
Monlaur-Bernet,187,200,13
Vergoignan,297,300,3
Bretagne-d'Armagnac,398,400,2
Lahas,166,200,34
Ségos,248,300,52
Villefranche,164,200,36
Espaon,195,200,5
Armentieux,87,100,13
Monlezun,198,200,2
Sembouès,66,100,34
Saint-Michel,266,300,34
Lias-d'Armagnac,197,200,3
Saint-Pierre-d'Aubézies,78,100,22
Lannepax,563,600,37
Augnax,88,100,12
Verlus,98,100,2
Beaucaire,286,300,14
Maupas,192,200,8
Courrensan,391,400,9
Estipouy,198,200,2
Saint-Loube,97,100,3
Encausse,386,400,14
Manent-Montané,93,100,7
Pavie,2399,2400,1
Sarcos,75,100,25
Projan,156,200,44
Campagne-d'Armagnac,199,200,1
Réans,251,300,49
Ricourt,73,100,27
Mirannes,70,100,30
Avensac,61,100,39
Monlezun-d'Armagnac,198,200,2
Sère,92,100,8
Arrouède,90,100,10
Saint-Brès,85,100,15
Nizas,159,200,41
Le Bouscat,23095,23200,105
Casseuil,383,400,17
Libourne,23624,23700,76
Virsac,992,1000,8
Origne,176,200,24
Soussac,179,200,21
Beautiran,2180,2200,20
Périssac,1079,1100,21
Mérignas,290,300,10
Daignac,480,500,20
Saint-Hilaire-de-la-Noaille,377,400,23
Prignac-et-Marcamps,1368,1400,32
Langon,7391,7400,9
Ambès,2894,2900,6
Saint-Hippolyte,162,200,38
Plassac,868,900,32
Coutures,92,100,8
Saint-Émilion,1984,2000,16
Blasimon,872,900,28
Cazats,294,300,6
Escoussans,295,300,5
Maransin,1055,1100,45
Gradignan,23063,23300,237
Tizac-de-Curton,287,300,13
Saint-Pierre-de-Mons,1077,1100,23
Fours,283,300,17
Blaignac,263,300,37
Saint-Antoine-du-Queyret,85,100,15
Lugasson,269,300,31
Bommes,476,500,24
Saint-Estèphe,1660,1700,40
Caumont,158,200,42
Mongauzy,582,600,18
Lugaignac,394,400,6
Monprimblanc,278,300,22
Saint-Genès-de-Castillon,395,400,5
Saint-Étienne-de-Lisse,279,300,21
Neuffons,169,200,31
Comps,480,500,20
Saint-Pey-d'Armens,261,300,39
Saint-Macaire,1995,2000,5
Saint-Côme,296,300,4
Saint-André-et-Appelles,689,700,11
Civrac-de-Blaye,791,800,9
Baurech,749,800,51
Arveyres,1886,1900,14
Queyrac,1388,1400,12
Illats,1280,1300,20
Néac,389,400,11
Salles-de-Castillon,390,400,10
Saint-Christoly-Médoc,284,300,16
Campugnan,467,500,33
Jugazan,282,300,18
Bègles,24913,25000,87
Gajac,388,400,12
Nérigean,859,900,41
Croignon,499,500,1
Saint-Philippe-du-Seignal,461,500,39
Daubèze,152,200,48
Marimbault,163,200,37
Castelnau-de-Médoc,3728,3800,72
Saint-Genès-de-Blaye,469,500,31
Gornac,385,400,15
Cessac,187,200,13
Saint-Magne,990,1000,10
Goualade,87,100,13
Lestiac-sur-Garonne,620,700,80
Saint-Laurent-du-Plan,86,100,14
Saint-Ciers-sur-Gironde,3085,3100,15
Blaye,4802,5000,198
Pellegrue,991,1000,9
Castelviel,186,200,14
Mauriac,270,300,30
Gans,188,200,12
Saint-Androny,572,600,28
Pauillac,5075,5200,125
Arcachon,10975,11800,825
Bourg,2197,2200,3
Saint-Michel-de-Fronsac,538,600,62
Fargues-Saint-Hilaire,2711,2800,89
Sablons,1295,1300,5
Riocaud,197,200,3
Saint-Christophe-de-Double,663,700,37
Saint-Michel-de-Lapujade,193,200,7
Cars,1160,1200,40
Toulenne,2582,2600,18
Chamadelle,677,700,23
Blanquefort,14779,14800,21
Soulac-sur-Mer,2645,2700,55
Saint-Palais,486,500,14
Margueron,385,400,15
Le Verdon-sur-Mer,1356,1400,44
Tabanac,1056,1100,44
Saint-Germain-d'Esteuil,1187,1200,13
Haux,795,800,5
Saint-Quentin-de-Caplong,248,300,52
Générac,575,600,25
Civrac-en-Médoc,584,600,16
Fossès-et-Baleyssac,183,200,17
Dardenac,93,100,7
Camiac-et-Saint-Denis,378,400,22
Barie,281,300,19
Cours-de-Monségur,279,300,21
Saint-Louis-de-Montferrand,2034,2100,66
Moulon,968,1000,32
Pessac-sur-Dordogne,476,500,24
Tayac,144,200,56
Mouillac,99,100,1
Faleyras,397,400,3
Lartigue,51,100,49
Saint-Loubert,185,200,15
Noaillac,390,400,10
Braud-et-Saint-Louis,1385,1400,15
Tizac-de-Lapouyade,490,500,10
Eynesse,583,600,17
Lormont,19799,19900,101
Bayas,454,500,46
Juillac,261,300,39
Carbon-Blanc,6885,6900,15
Villenave-d'Ornon,28420,28800,380
Saint-Laurent-des-Combes,279,300,21
Dieulivol,288,300,12
Arbis,285,300,15
Preignac,2166,2200,34
Esseintes,269,300,31
Cestas,16353,16500,147
Hure,497,500,3
Saint-Romain-la-Virvée,787,800,13
Gensac,860,900,40
Doulezon,265,300,35
Latresne,3277,3300,23
Saint-Exupéry,159,200,41
Le Fieu,488,500,12
Marsas,1092,1100,8
Tarnès,266,300,34
Sainte-Foy-la-Grande,2474,2600,126
Laroque,272,300,28
Massugas,279,300,21
Saint-Hilaire-du-Bois,85,100,15
Sainte-Eulalie,4632,4700,68
Saint-Félix-de-Foncaude,293,300,7
Listrac-de-Durèze,176,200,24
Montagoudin,164,200,36
Landerrouat,182,200,18
Targon,1851,1900,49
Madirac,184,200,16
Ayguemorte-les-Graves,933,1000,67
Lalande-de-Pomerol,672,700,28
Marions,187,200,13
Castelmoron-d'Albret,56,100,44
Villeneuve,391,400,9
Asques,490,500,10
Castillon-la-Bataille,3045,3400,355
Sainte-Croix-du-Mont,899,900,1
Saint-Vivien-de-Monségur,385,400,15
Naujan-et-Postiac,494,500,6
Ligueux,168,200,32
Cazaugitat,250,300,50
Cabara,396,400,4
Bassanne,91,100,9
Bourideys,91,100,9
Soussans,1544,1600,56
Soulignac,450,500,50
Puisseguin,861,900,39
Saint-Yzans-de-Médoc,397,400,3
Mourens,387,400,13
Saint-Genis-du-Bois,99,100,1
Saint-Julien-Beychevelle,679,700,21
Beychac-et-Caillau,1983,2000,17
Saint-Avit-de-Soulège,75,100,25
Lerm-et-Musset,469,500,31
Paillet,1193,1200,7
Saillans,375,400,25
Le Tourne,763,800,37
Cenon,22242,22500,258
Mouliets-et-Villemartin,1094,1100,6
Saint-Aubin-de-Branne,360,400,40
Le Puy,378,400,22
Saint-Ferme,364,400,36
Saint-Vincent-de-Paul,1050,1100,50
Saint-Sulpice-de-Faleyrens,1485,1500,15
Saint-Ciers-de-Canesse,789,800,11
Guillac,183,200,17
Saint-Aubin-de-Blaye,783,800,17
Étauliers,1660,1700,40
Sainte-Radegonde,459,500,41
Montagne,1619,1700,81
Lunas,651,700,49
Beaufort,189,200,11
Villetelle,1399,1400,1
Saint-Sériès,887,900,13
Soubès,889,900,11
Castelnau-le-Lez,14948,15000,52
Plans,292,300,8
Vieussan,274,300,26
Ferrières-les-Verreries,63,100,37
Campagne,271,300,29
Combaillaux,1430,1500,70
Saint-Vincent-de-Barbeyrargues,689,700,11
Bédarieux,6453,6600,147
Montferrier-sur-Lez,3385,3400,15
Lavalette,57,100,43
Mourèze,175,200,25
Lattes,15927,16300,373
Oupia,285,300,15
Mons,581,600,19
Lignan-sur-Orb,2897,2900,3
Hérépian,1474,1500,26
Cruzy,971,1000,29
Cassagnoles,92,100,8
La Salvetat-sur-Agout,1178,1200,22
Saint-Michel,57,100,43
Ferrals-les-Montagnes,144,200,56
Béziers,70955,71700,745
Salasc,276,300,24
Ferrières-Poussarou,66,100,34
Joncels,294,300,6
Saint-Pons-de-Thomières,2062,2100,38
Saussan,1482,1500,18
Cabrières,478,500,22
Sète,42774,42800,26
Saint-Guilhem-le-Désert,269,300,31
Pardailhan,184,200,16
Saint-André-de-Buèges,55,100,45
Castanet-le-Haut,187,200,13
Saint-Hilaire-de-Beauvoir,365,400,35
Pailhès,470,500,30
Poujols,152,200,48
Saint-Jean-de-Védas,8716,8800,84
Saint-Nazaire-de-Ladarez,343,400,57
Saint-Clément-de-Rivière,4987,5100,113
Aires,572,600,28
Pierrerue,287,300,13
Notre-Dame-de-Londres,479,500,21
Pézenas,8251,8400,149
Babeau-Bouldoux,293,300,7
Cazevieille,184,200,16
Cambon-et-Salvergues,61,100,39
Lauret,563,600,37
Assignan,180,200,20
Saint-Nazaire-de-Pézan,576,600,24
Villeneuvette,63,100,37
Fozières,182,200,18
Aigne,265,300,35
Arboras,99,100,1
Rouet,58,100,42
Jonquières,391,400,9
Saint-Geniès-de-Varensal,190,200,10
Frontignan,22526,23200,674
Saint-Maurice-Navacelles,156,200,44
Aumelas,489,500,11
Plaissan,899,900,1
Usclas-d'Hérault,296,300,4
Garrigues,167,200,33
Verreries-de-Moussans,94,100,6
Claret,1389,1400,11
Fraisse-sur-Agout,346,400,54
Loupian,2092,2100,8
Dio-et-Valquières,152,200,48
Berlou,191,200,9
Colombiers,2335,2400,65
Le Pradal,280,300,20
Colombières-sur-Orb,471,500,29
Saint-Mathieu-de-Tréviers,4686,4700,14
Cers,2191,2200,9
Murles,294,300,6
Lacoste,295,300,5
Vias,5354,5400,46
Vailhan,169,200,31
Prades-sur-Vernazobre,279,300,21
Montagnac,3593,3600,7
Buzignargues,261,300,39
Olonzac,1683,1700,17
Mudaison,2498,2500,2
Mireval,3275,3300,25
Cesseras,372,400,28
Vélieux,62,100,38
Lieuran-Cabrières,279,300,21
Rieussec,91,100,9
Saint-Jean-de-Cornies,673,700,27
Nizas,582,600,18
Montesquieu,65,100,35
Palavas-les-Flots,5995,6000,5
Saturargues,891,900,9
Guipel,1579,1600,21
Rimou,358,400,42
Tresbœuf,1198,1200,2
Brulais,465,500,35
Redon,9592,9600,8
Saint-Malo,46342,48200,1858
Teillay,997,1000,3
Dinard,10579,11000,421
Cherrueix,1150,1200,50
Saint-Hilaire-des-Landes,993,1000,7
Rannée,1156,1200,44
Le Lou-du-Lac,96,100,4
Le Châtellier,377,400,23
Montgermont,3056,3100,44
Chauvigné,788,800,12
Coësmes,1391,1400,9
Saint-Jouan-des-Guérets,2672,2700,28
Osse,1179,1200,21
Hirel,1373,1400,27
Saint-Germain-sur-Ille,892,900,8
Chevaigné,1838,1900,62
Le Crouais,487,500,13
Iffs,264,300,36
Gaël,1584,1600,16
Saint-Jean-sur-Vilaine,1043,1100,57
Montreuil-sous-Pérouse,1061,1100,39
Lohéac,664,700,36
Laillé,4348,4400,52
Saint-Ouen-la-Rouërie,792,800,8
Mecé,570,600,30
Dompierre-du-Chemin,548,600,52
Betton,10111,10200,89
Sains,482,500,18
Trémeheuc,366,400,34
Fougères,19779,20100,321
Cintré,2054,2100,46
Montautour,249,300,51
Champeaux,473,500,27
Paimpont,1631,1700,69
Lalleu,581,600,19
Trimer,177,200,23
Forges-la-Forêt,280,300,20
Landéan,1256,1300,44
Poilley,397,400,3
Bléruais,98,100,2
Erbrée,1664,1700,36
Saint-Aubin-du-Pavail,729,800,71
Mernel,986,1000,14
Saint-Erblon,2482,2500,18
Domloup,2989,3000,11
Bazouges-la-Pérouse,1877,1900,23
Clayes,678,700,22
La Nouaye,294,300,6
Trans-la-Forêt,550,600,50
Le Rheu,7669,7700,31
Lillemer,282,300,18
Antrain,1393,1400,7
Pont-Péan,3697,3700,3
La Noë-Blanche,976,1000,24
Boistrudan,670,700,30
La Selle-en-Coglès,597,600,3
Vignoc,1798,1800,2
Arbrissel,279,300,21
Mellé,671,700,29
La Bazouge-du-Désert,1093,1100,7
Monthault,251,300,49
Louvigné-du-Désert,3758,3800,42
Saint-Séglin,478,500,22
Cuguen,784,800,16
Saint-Malon-sur-Mel,589,600,11
Langan,894,900,6
Lassy,1380,1400,20
Breteil,3377,3400,23
Vieux-Viel,288,300,12
Saint-Benoît-des-Ondes,1077,1100,23
Crevin,2594,2600,6
Saint-Georges-de-Gréhaigne,342,400,58
Princé,375,400,25
Nouvoitou,2895,2900,5
Saint-Aubin-du-Cormier,3578,3700,122
Médréac,1876,1900,24
Châtillon-en-Vendelais,1694,1700,6
Romazy,276,300,24
Saint-Briac-sur-Mer,1968,2000,32
Noyal-sous-Bazouges,372,400,28
Mondevert,771,800,29
Le Tiercent,177,200,23
Brielles,670,700,30
Saint-M'Hervé,1370,1400,30
Treffendel,1246,1300,54
Saint-Brieuc-des-Iffs,363,400,37
Saint-Chartier,584,600,16
Francillon,71,100,29
Thenay,888,900,12
Neuvy-Saint-Sépulchre,1695,1700,5
Cuzion,446,500,54
Aigurande,1567,1600,33
Fontenay,84,100,16
La Châtre-Langlin,567,600,33
Jeu-les-Bois,394,400,6
Dun-le-Poëlier,471,500,29
La Vernelle,778,800,22
Bagneux,195,200,5
Crozon-sur-Vauvre,379,400,21
Chasseneuil,666,700,34
La Berthenoux,452,500,48
Bouesse,370,400,30
Buzançais,4494,4500,6
Le Tranger,175,200,25
Montipouret,569,600,31
Preuilly-la-Ville,168,200,32
Vigoux,466,500,34
Thizay,257,300,43
Diou,279,300,21
Veuil,383,400,17
Pommiers,273,300,27
Pellevoisin,833,900,67
Langé,297,300,3
Orsennes,793,800,7
Bouges-le-Château,283,300,17
Déols,7916,8700,784
Valençay,2594,2600,6
Cléré-du-Bois,282,300,18
Brives,276,300,24
Mérigny,563,600,37
Saulnay,183,200,17
Sainte-Gemme,262,300,38
Paulnay,356,400,44
Saint-Benoît-du-Sault,652,700,48
Vouillon,260,300,40
Issoudun,13090,13500,410
Maillet,265,300,35
Saint-Denis-de-Jouhet,954,1000,46
Saint-Civran,177,200,23
Saint-Aubin,198,200,2
Roussines,354,400,46
Villiers,192,200,8
Fontgombault,267,300,33
Sougé,153,200,47
Saint-Aigny,296,300,4
Vineuil,1184,1200,16
Bommiers,293,300,7
Neuillay-les-Bois,685,700,15
Chaillac,1118,1200,82
Urciers,257,300,43
Chassignolles,589,600,11
Chabris,2790,2800,10
Le Pêchereau,1968,2000,32
Mézières-en-Brenne,1076,1100,24
Mosnay,477,500,23
Méobecq,366,400,34
Paudy,466,500,34
Néons-sur-Creuse,399,400,1
Saint-Aoustrille,177,200,23
Sainte-Fauste,299,300,1
Saint-Août,881,900,19
Saint-Martin-de-Lamps,170,200,30
Gehée,270,300,30
Meunet-Planches,194,200,6
Le Menoux,461,500,39
Lignac,558,600,42
Montchevrier,496,500,4
Châtillon-sur-Indre,2828,2900,72
Saint-Hilaire-sur-Benaize,358,400,42
Éguzon-Chantôme,1337,1400,63
Saint-Marcel,1552,1600,48
Chalais,169,200,31
Beaulieu,80,100,20
Frédille,66,100,34
Coings,852,900,48
Montierchaume,1688,1700,12
Arpheuilles,242,300,58
Rosnay,578,600,22
Poulaines,878,900,22
Saint-Gaultier,1883,2000,117
Argenton-sur-Creuse,5120,5200,80
Tendu,592,600,8
Malicornay,175,200,25
Thevet-Saint-Julien,460,500,40
Luçay-le-Mâle,1480,1500,20
La Châtre,4482,4500,18
Lacs,652,700,48
Sassierges-Saint-Germain,469,500,31
Chavin,283,300,17
Meunet-sur-Vatan,197,200,3
Champillet,154,200,46
Étrechet,887,900,13
Migné,277,300,23
Vicq-sur-Nahon,768,800,32
Préaux,162,200,38
Ruffec,636,700,64
Lureuil,268,300,32
Palluau-sur-Indre,770,800,30
Pérassay,387,400,13
Sainte-Sévère-sur-Indre,840,900,60
Prissac,670,700,30
Saint-Christophe-en-Bazelle,381,400,19
Saint-Valentin,278,300,22
Saint-Christophe-en-Boucherie,247,300,53
Heugnes,388,400,12
Chitray,165,200,35
Luant,1394,1400,6
Chouday,162,200,38
Lingé,252,300,48
Lourdoueix-Saint-Michel,350,400,50
Saint-Maur,3268,3400,132
Nohant-Vic,477,500,23
Baudres,486,500,14
Tilly,168,200,32
Sainte-Cécile,99,100,1
Niherne,1551,1600,49
Selles-sur-Nahon,70,100,30
Chançay,1091,1100,9
Truyes,2094,2100,6
La Roche-Clermault,487,500,13
Restigné,1198,1200,2
Bourgueil,3898,3900,2
Rilly-sur-Vienne,465,500,35
Marcilly-sur-Vienne,561,600,39
Preuilly-sur-Claise,1072,1100,28
Vernou-sur-Brenne,2678,2800,122
Sainte-Catherine-de-Fierbois,652,700,48
Saint-Nicolas-de-Bourgueil,1177,1200,23
Thizay,272,300,28
Cangey,1083,1100,17
Tournon-Saint-Pierre,477,500,23
Chinon,7894,8100,206
Dierre,572,600,28
Jaulnay,253,300,47
Ferrière-Larçon,273,300,27
Saint-Hippolyte,598,600,2
Yzeures-sur-Creuse,1445,1500,55
Saint-Patrice,677,700,23
Betz-le-Château,582,600,18
Chambray-lès-Tours,10733,11000,267
Tours,134817,135500,683
Beaumont-Village,258,300,42
Chambourg-sur-Indre,1281,1300,19
Saint-Pierre-des-Corps,15227,15500,273
Panzoult,568,600,32
Druye,895,900,5
Marçay,463,500,37
Ports,358,400,42
Charentilly,1094,1100,6
Saint-Paterne-Racan,1676,1700,24
Champigny-sur-Veude,865,900,35
Villiers-au-Bouin,797,800,3
Artannes-sur-Indre,2480,2500,20
Villandry,1071,1100,29
Autrèche,394,400,6
Assay,173,200,27
Saint-Christophe-sur-le-Nais,1087,1100,13
Bueil-en-Touraine,323,400,77
Azay-sur-Cher,2993,3000,7
Savigné-sur-Lathan,1367,1400,33
Courcoué,264,300,36
L'Île-Bouchard,1721,1800,79
Chemillé-sur-Dême,679,700,21
Saint-Germain-sur-Vienne,376,400,24
Richelieu,1941,2000,59
Château-Renault,5181,5200,19
Cussay,586,600,14
Paulmy,243,300,57
Neuvy-le-Roi,1156,1200,44
Luzé,264,300,36
Vouvray,3069,3100,31
Dolus-le-Sec,685,700,15
Saint-Avertin,13947,14000,53
Sublaines,178,200,22
Bréhémont,793,800,7
Reugny,1582,1600,18
Épeigné-sur-Dême,159,200,41
Francueil,1297,1300,3
Neuillé-Pont-Pierre,1951,2000,49
Le Louroux,473,500,27
Faye-la-Vineuse,295,300,5
Pussigny,190,200,10
La Guerche,199,200,1
Nazelles-Négron,3522,3600,78
Luzillé,894,900,6
Mouzay,486,500,14
Brèches,284,300,16
Sonzay,1294,1300,6
Braslou,320,400,80
Azay-sur-Indre,382,400,18
Charnizay,496,500,4
La Celle-Guenand,395,400,5
Cormery,1653,1700,47
Chenonceaux,356,400,44
Crouzilles,567,600,33
La Ferrière,292,300,8
Louestault,366,400,34
Souvigny-de-Touraine,372,400,28
Gizeux,449,500,51
Saunay,658,700,42
Sepmes,663,700,37
Tavant,262,300,38
Continvoir,467,500,33
Chaumussay,249,300,51
Nouans-les-Fontaines,791,800,9
Beaumont-en-Véron,2793,2800,7
La Tour-Saint-Gelin,548,600,52
Chouzé-sur-Loire,2071,2100,29
Essards,155,200,45
La Riche,10080,10100,20
Seuilly,368,400,32
Le Grand-Pressigny,997,1000,3
Sazilly,254,300,46
Saint-Nicolas-des-Motets,265,300,35
Avoine,1834,1900,66
Orbigny,756,800,44
Villebourg,281,300,19
Bournan,265,300,35
Chanceaux-sur-Choisille,3586,3600,14
Voiron,19893,20400,507
Massieu,762,800,38
Le Bouchage,582,600,18
La Chapelle-de-Surieu,686,700,14
La Bâtie-Divisin,897,900,3
Velanne,495,500,5
Notre-Dame-de-Vaulx,542,600,58
Cornillon-en-Trièves,173,200,27
Quet-en-Beaumont,64,100,36
Bossieu,271,300,29
Saint-Hilaire,1532,1600,68
Goncelin,2173,2200,27
Saint-Pierre-d'Entremont,559,600,41
Sainte-Marie-d'Alloix,553,600,47
Rovon,593,600,7
Montseveroux,884,900,16
Saint-Aupre,1077,1100,23
Châtelus,87,100,13
Mottier,687,700,13
Notre-Dame-de-Commiers,475,500,25
Saint-Jean-d'Hérans,297,300,3
Notre-Dame-de-l'Osier,499,500,1
Tréminis,173,200,27
Engins,496,500,4
Chatte,2406,2500,94
Saint-Didier-de-Bizonnes,288,300,12
Villard-Saint-Christophe,374,400,26
Saint-Arey,79,100,21
Laval,962,1000,38
Vizille,7630,7700,70
Faverges-de-la-Tour,1285,1300,15
Roussillon,7964,8000,36
Saint-Maurice-en-Trièves,168,200,32
Château-Bernard,280,300,20
Sonnay,1299,1300,1
Le Gua,1887,1900,13
Saint-Guillaume,282,300,18
Lieudieu,292,300,8
Le Touvet,2977,3000,23
Saint-Michel-de-Saint-Geoirs,293,300,7
Siccieu-Saint-Julien-et-Carisieu,581,600,19
Saint-Mury-Monteymond,349,400,51
Pommiers-la-Placette,568,600,32
Veyssilieu,293,300,7
Côtes-de-Corps,66,100,34
Saint-Gervais,574,600,26
Malleval-en-Vercors,51,100,49
Saint-Clair-du-Rhône,3890,3900,10
Charnècles,1481,1500,19
Hières-sur-Amby,1149,1200,51
Bresson,692,700,8
Grenoble,155637,156700,1063
Varces-Allières-et-Risset,6330,6500,170
Brangues,585,600,15
Veurey-Voroize,1380,1400,20
Saint-Martin-le-Vinoux,5357,5400,43
Flachères,496,500,4
Saint-Albin-de-Vaulserre,371,400,29
Charantonnay,1880,1900,20
Merlas,496,500,4
Allevard,3783,3800,17
Saint-Martin-de-Clelles,160,200,40
Laffrey,382,400,18
Serre-Nerpol,297,300,3
La Forteresse,297,300,3
Saint-Geoirs,497,500,3
La Valette,73,100,27
Saint-Paul-lès-Monestier,260,300,40
Marcieu,70,100,30
Luzinay,2206,2300,94
La Salette-Fallavaux,72,100,28
Vertrieu,660,700,40
Hurtières,176,200,24
Roybon,1297,1300,3
Chamrousse,453,500,47
Le Pont-de-Claix,11268,11500,232
Vénérieu,583,600,17
Saint-Barthélemy-de-Séchilienne,471,500,29
Moras,470,500,30
Poliénas,1098,1100,2
Salagnon,1197,1200,3
Montcarra,475,500,25
Corrençon-en-Vercors,359,400,41
Chamagnieu,1487,1500,13
Allemond,871,900,29
Prunières,376,400,24
Livet-et-Gavet,1226,1300,74
Saint-Just-Chaleyssin,2468,2500,32
Anjou,992,1000,8
Septème,1750,1800,50
Rives,6062,6100,38
Châlons,165,200,35
Montchaboud,369,400,31
Saint-Pierre-de-Chérennes,476,500,24
Moirans,7780,7800,20
Sarcenas,197,200,3
Prébois,163,200,37
Chèzeneuve,499,500,1
Auberives-en-Royans,359,400,41
Le Cheylas,2673,2700,27
Le Freney-d'Oisans,265,300,35
Le Bourg-d'Oisans,3327,3400,73
Montagne,265,300,35
Villefontaine,18374,18900,526
Saint-Quentin-Fallavier,5922,6100,178
Pont-Évêque,5041,5100,59
Estrablin,3264,3300,36
Nantes-en-Ratier,479,500,21
Saint-Ondras,597,600,3
Cour-et-Buis,851,900,49
Ponsonnas,272,300,28
Saint-Pierre-de-Bressieux,684,700,16
Froges,3435,3500,65
Saint-Clair-sur-Galaure,272,300,28
Seyssuel,1990,2000,10
La Mure,5091,5100,9
Poisat,2078,2100,22
Chichilianne,274,300,26
Mizoën,193,200,7
Royas,386,400,14
Notre-Dame-de-Mésage,1198,1200,2
Morette,386,400,14
Quincieu,81,100,19
Monteynard,478,500,22
Miribel-Lanchâtre,375,400,25
Mens,1387,1400,13
Saint-Baudille-et-Pipet,254,300,46
Saint-Marcel-Bel-Accueil,1296,1300,4
Saint-Pierre-d'Allevard,2799,2800,1
La Buissière,663,700,37
Balbins,386,400,14
Villard-Reculas,62,100,38
Saint-Nicolas-de-Macherin,887,900,13
Presles,99,100,1
Montrevel,473,500,27
Saint-Appolinard,398,400,2
Bressieux,90,100,10
Villard-Bonnot,7296,7300,4
Vourey,1578,1600,22
Sainte-Anne-sur-Gervonde,581,600,19
Crolles,8451,8600,149
La Murette,1795,1800,5
Pommier-de-Beaurepaire,694,700,6
L'Albenc,1091,1100,9
Saint-Blaise-du-Buis,993,1000,7
Murinais,381,400,19
Chuzelles,2052,2100,48
Le Passage,766,800,34
Seyssins,6913,7000,87
Bernin,2991,3000,9
Vatilieu,385,400,15
Claix,7538,7600,62
La Motte-d'Aveillans,1794,1800,6
Vif,8053,8100,47
Chantelouve,76,100,24
Crachier,471,500,29
Villeneuve-de-Marc,1141,1200,59
Lavaldens,157,200,43
Saint-Christophe-sur-Guiers,798,800,2
Semons,368,400,32
Saint-Laurent-du-Pont,4484,4500,16
La Frette,1085,1100,15
Seyssinet-Pariset,12113,12200,87
Beauvoir-en-Royans,74,100,26
Vienne,29328,29900,572
Mont-Saint-Martin,88,100,12
Pontcharra,7162,7300,138
Saint-Alban-du-Rhône,865,900,35
Chevrières,693,700,7
Pont-en-Royans,835,900,65
Pimorin,189,200,11
Mièges,92,100,8
Bracon,282,300,18
Thervay,377,400,23
Écrille,82,100,18
Bellefontaine,550,600,50
Augea,285,300,15
Hautecour,178,200,22
Lect,382,400,18
Nans,90,100,10
Grusse,183,200,17
Chamole,164,200,36
Sermange,282,300,18
Courlans,992,1000,8
Genod,67,100,33
Planches-en-Montagne,150,200,50
Molinges,669,700,31
Château-des-Prés,183,200,17
Fétigny,99,100,1
Pretin,59,100,41
Grozon,483,500,17
Mont-sous-Vaudrey,1272,1300,28
Saint-Hymetière,75,100,25
Montmirey-la-Ville,184,200,16
Falletans,399,400,1
Froideville,74,100,26
Bans,197,200,3
Chemin,351,400,49
Hays,287,300,13
Ranchot,472,500,28
Reithouse,51,100,49
Augisey,184,200,16
Recanoz,80,100,20
Rouffange,96,100,4
Our,164,200,36
Pillemoine,61,100,39
Clucy,79,100,21
Conte,58,100,42
Offlanges,192,200,8
Vitreux,266,300,34
Crenans,246,300,54
Prénovel,299,300,1
Loulle,172,200,28
La Ferté,197,200,3
Bersaillin,392,400,8
Villards-d'Héria,449,500,51
Broissia,53,100,47
La Boissière,68,100,32
Cézia,69,100,31
Uxelles,46,100,54
Onoz,87,100,13
Serre-les-Moulières,184,200,16
Menotey,279,300,21
Montfleur,168,200,32
Pont-d'Héry,255,300,45
Gendrey,390,400,10
Saligney,171,200,29
Cernon,268,300,32
Monteplain,140,200,60
Gigny,299,300,1
Ponthoux,92,100,8
Damparis,2799,2800,1
Saint-Loup,278,300,22
Crans,67,100,33
Châtonnay,62,100,38
Le Pin,264,300,36
Longwy-sur-le-Doubs,537,600,63
Onglières,74,100,26
Vosbles,98,100,2
Dessia,74,100,26
Desnes,475,500,25
Biarne,363,400,37
Cerniébaud,65,100,35
Le Larderet,81,100,19
Montain,496,500,4
Moutoux,55,100,45
Grange-de-Vaivre,48,100,52
Bletterans,1394,1400,6
Saint-Claude,11026,11500,474
Moussières,196,200,4
Lavancia-Epercy,647,700,53
Péseux,289,300,11
Villette-lès-Arbois,399,400,1
Moissey,570,600,30
Abergement-lès-Thésy,67,100,33
Orgelet,1685,1700,15
Montagna-le-Templier,95,100,5
Alièze,155,200,45
Geruge,166,200,34
Colonne,257,300,43
Entre-deux-Monts,159,200,41
Coyron,74,100,26
Le Latet,75,100,25
Aumur,368,400,32
Morez,5154,5500,346
Foulenay,84,100,16
Chambéria,167,200,33
Arinthod,1150,1200,50
Mantry,441,500,59
Beffia,88,100,12
Le Pasquier,254,300,46
Lavans-lès-Saint-Claude,1878,1900,22
Digna,367,400,33
Bellecombe,79,100,21
La Vieille-Loye,383,400,17
Cramans,480,500,20
Lac-des-Rouges-Truites,361,400,39
Villeneuve-lès-Charnod,85,100,15
Courbouzon,592,600,8
Cuttura,335,400,65
Biefmorin,76,100,24
Balaiseaux,268,300,32
Taxenne,92,100,8
Ruffey-sur-Seille,760,800,40
Saugeot,53,100,47
Rotalier,171,200,29
Lavigny,365,400,35
Salans,574,600,26
Syam,199,200,1
Ivrey,58,100,42
Andelot-Morval,88,100,12
Séligney,90,100,10
Chemilla,96,100,4
Abergement-le-Grand,64,100,36
Le Vernois,280,300,20
Neuvilley,74,100,26
Poligny,4226,4300,74
Gevingey,452,500,48
Buvilly,360,400,40
Molamboz,85,100,15
Sergenaux,61,100,39
La Latette,74,100,26
Chêne-Bernard,72,100,28
Le Chateley,85,100,15
Germigney,91,100,9
Fontainebrux,178,200,22
Montmorot,3061,3100,39
Chilly-sur-Salins,94,100,6
Frontenay,167,200,33
Nanc-lès-Saint-Amour,285,300,15
Brainans,168,200,32
Chaux-Champagny,63,100,37
Chaînée-des-Coupis,195,200,5
Dammartin-Marpain,290,300,10
Charézier,148,200,52
Sirod,572,600,28
Doucier,295,300,5
Pupillin,247,300,53
Le Villey,80,100,20
Bief-du-Fourg,165,200,35
Voiteur,756,800,44
Songeson,74,100,26
Marigny,180,200,20
Senaud,56,100,44
Bourg-de-Sirod,98,100,2
Publy,283,300,17
Cressia,277,300,23
Chassal,495,500,5
Nance,494,500,6
Besain,157,200,43
Malange,295,300,5
Champrougier,94,100,6
Saint-Julien,463,500,37
Monnet-la-Ville,368,400,32
Montcusel,176,200,24
Villard-sur-Bienne,196,200,4
Chevigny,287,300,13
Villeneuve-sous-Pymont,282,300,18
Verges,172,200,28
Bois-d'Amont,1677,1700,23
Septmoncel,684,700,16
Le Fied,191,200,9
Ney,554,600,46
Champvans,1357,1400,43
Saint-Thiébaud,68,100,32
Pratz,576,600,24
Vaudrey,384,400,16
Plasne,248,300,52
Châtel-de-Joux,57,100,43
Rye,183,200,17
Coyrière,67,100,33
Bornay,175,200,25
Chaumergy,478,500,22
Vadans,254,300,46
Salins-les-Bains,2926,3000,74
Ladoye-sur-Seille,61,100,39
Picarreau,94,100,6
Asnans-Beauvoisin,696,700,4
Montigny-lès-Arsures,270,300,30
Mallerey,63,100,37
Rans,477,500,23
Ivory,84,100,16
Petit-Noir,1134,1200,66
Lains,80,100,20
Menétru-le-Vignoble,155,200,45
Doye,92,100,8
Esserval-Tartre,84,100,16
Arthenas,161,200,39
Tassenières,385,400,15
Montigny-sur-l'Ain,192,200,8
Lézat,186,200,14
Revigny,264,300,36
Fontenu,67,100,33
Bief-des-Maisons,75,100,25
Bonnefontaine,96,100,4
Marnézia,94,100,6
Essia,64,100,36
Darbonnay,97,100,3
Le Frasnois,154,200,46
Clairvaux-les-Lacs,1424,1500,76
Le Louverot,254,300,46
Valfin-sur-Valouse,85,100,15
Largillay-Marsonnay,189,200,11
Thoiria,164,200,36
Denezières,85,100,15
Baume-les-Messieurs,190,200,10
Charency,55,100,45
Sellières,786,800,14
Orbagna,181,200,19
Piards,186,200,14
Chatelay,90,100,10
Loisia,172,200,28
Moirans-en-Montagne,2284,2300,16
Plénise,58,100,42
Château-Chalon,164,200,36
Vincelles,386,400,14
Rix,81,100,19
Chissey-sur-Loue,346,400,54
Chaux-des-Prés,191,200,9
Vertamboz,93,100,7
Avignon-lès-Saint-Claude,360,400,40
Lajoux,252,300,48
Le Vaudioux,162,200,38
Nantey,75,100,25
Crissey,655,700,45
Tourmont,465,500,35
Mouchard,1142,1200,58
Rochefort-sur-Nenon,563,600,37
Dole,24629,25400,771
Plumont,92,100,8
Villeneuve-d'Aval,85,100,15
Lons-le-Saunier,17681,18100,419
Ounans,385,400,15
Thésy,66,100,34
Fay-en-Montagne,76,100,24
Mournans-Charbonny,85,100,15
Annoire,392,400,8
Chisséria,84,100,16
Mesnay,554,600,46
Bois-de-Gand,60,100,40
Cogna,260,300,40
Montmirey-le-Château,168,200,32
Arsure-Arsurette,92,100,8
Saint-Lupicin,2140,2200,60
Trenal,369,400,31
Champagnole,8077,8100,23
Lombard,182,200,18
Bergouey,98,100,2
Trensacq,270,300,30
Belhade,192,200,8
Estigarde,84,100,16
Messanges,984,1000,16
Saint-Sever,4789,4900,111
Uza,155,200,45
Argelos,185,200,15
Cauneille,797,800,3
Seyresse,798,800,2
Bostens,176,200,24
Lahosse,292,300,8
Moustey,668,700,32
Pécorade,152,200,48
Toulouzette,279,300,21
Saint-Barthélemy,370,400,30
Montsoué,574,600,26
Mouscardès,258,300,42
Bonnegarde,287,300,13
Montaut,556,600,44
Gaillères,571,600,29
Biscarrosse,12197,12400,203
Mézos,854,900,46
Peyrehorade,3467,3500,33
Candresse,791,800,9
Brocas,787,800,13
Montgaillard,577,600,23
Ossages,478,500,22
Le Frêche,392,400,8
Bordères-et-Lamensans,349,400,51
Vieux-Boucau-les-Bains,1564,1600,36
Villenave,264,300,36
Castelnau-Tursan,187,200,13
Lévignacq,346,400,54
Urgons,264,300,36
Labrit,874,900,26
Laurède,371,400,29
Saint-Cricq-du-Gave,370,400,30
Lussagnet,81,100,19
Vielle-Tursan,289,300,11
Orist,679,700,21
Amou,1559,1600,41
Miramont-Sensacq,361,400,39
Castaignos-Souslens,396,400,4
Lencouacq,398,400,2
Habas,1443,1500,57
Garrey,179,200,21
Pey,696,700,4
Lauret,82,100,18
Luxey,662,700,38
Sindères,185,200,15
Dumes,268,300,32
Latrille,166,200,34
Bahus-Soubiran,372,400,28
Carcarès-Sainte-Croix,488,500,12
Monségur,378,400,22
Solférino,345,400,55
Saint-Agnet,193,200,7
Uchacq-et-Parentis,575,600,25
Tercis-les-Bains,1161,1200,39
Pujo-le-Plan,577,600,23
Serres-Gaston,360,400,40
Mauries,90,100,10
Gaas,490,500,10
Bégaar,1089,1100,11
Eyres-Moncube,375,400,25
Mant,289,300,11
Arx,67,100,33
Le Vignau,487,500,13
Bats,291,300,9
Perquie,365,400,35
Montégut,71,100,29
Hontanx,548,600,52
Saint-Michel-Escalus,291,300,9
Maurrin,459,500,41
Roquefort,1896,1900,4
Payros-Cazautets,95,100,5
Mugron,1390,1400,10
Morganx,186,200,14
Losse,260,300,40
Monget,82,100,18
Oeyreluy,1593,1600,7
Buanes,278,300,22
Souprosse,997,1000,3
Labastide-d'Armagnac,689,700,11
Sarbazan,1098,1100,2
Vicq-d'Auribat,262,300,38
Saint-Paul-lès-Dax,12409,12500,91
Nousse,282,300,18
Bastennes,264,300,36
Eugénie-les-Bains,448,500,52
Pimbo,185,200,15
Mazerolles,698,700,2
Canenx-et-Réaut,175,200,25
Saint-Étienne-d'Orthe,593,600,7
Escalans,251,300,49
Angoumé,288,300,12
Laglorieuse,557,600,43
Lesgor,375,400,25
Sorbets,186,200,14
Saint-Maurice-sur-Adour,578,600,22
Chaumont-sur-Tharonne,1096,1100,4
Saint-Rimay,285,300,15
Thésée,1181,1200,19
Romorantin-Lanthenay,17027,17400,373
Thoury,391,400,9
Séris,375,400,25
Savigny-sur-Braye,2177,2200,23
La Colombe,198,200,2
Cour-sur-Loire,272,300,28
Gombergean,182,200,18
La Chapelle-Enchérie,176,200,24
Saint-Agil,273,300,27
Bauzy,264,300,36
Oucques,1482,1500,18
Oigny,93,100,7
Mont-près-Chambord,3271,3300,29
Cellé,249,300,51
Beauchêne,163,200,37
Le Plessis-Dorin,184,200,16
Valaire,75,100,25
Artins,298,300,2
Mondoubleau,1497,1500,3
Thoré-la-Rochette,886,900,14
Vouzon,1487,1500,13
Saint-Hilaire-la-Gravelle,689,700,11
Monteaux,792,800,8
Vievy-le-Rayé,490,500,10
Ruan-sur-Egvonne,91,100,9
Le Plessis-l'Échelle,74,100,26
Saint-Laurent-des-Bois,296,300,4
Ambloy,196,200,4
Saint-Cyr-du-Gault,179,200,21
Candé-sur-Beuvron,1479,1500,21
Villeherviers,492,500,8
Roches-l'Évêque,292,300,8
Chambon-sur-Cisse,689,700,11
Villerbon,776,800,24
Membrolles,263,300,37
Baigneaux,51,100,49
Molineuf,796,800,4
Fontaine-les-Coteaux,385,400,15
Verdes,495,500,5
Fortan,268,300,32
Montoire-sur-le-Loir,4058,4100,42
Lestiou,269,300,31
Rahart,288,300,12
Saint-Claude-de-Diray,1698,1700,2
Souvigny-en-Sologne,494,500,6
Mennetou-sur-Cher,884,900,16
Blois,46492,46800,308
Houssay,370,400,30
Pierrefitte-sur-Sauldre,842,900,58
La Marolle-en-Sologne,397,400,3
Saint-Jacques-des-Guérets,94,100,6
Saint-Aignan,3166,3200,34
Saint-Lubin-en-Vergonnois,682,700,18
Pontlevoy,1586,1600,14
Orchaise,897,900,3
Pruniers-en-Sologne,2292,2300,8
Bracieux,1254,1300,46
Villexanton,187,200,13
Villemardy,282,300,18
Brévainville,171,200,29
Theillay,1274,1300,26
Le Gault-Perche,290,300,10
Conan,199,200,1
Villefrancœur,486,500,14
Roches,73,100,27
Herbault,1197,1200,3
Saint-Ouen,3448,3500,52
Suèvres,1498,1500,2
Villiers-sur-Loir,1192,1200,8
La Chapelle-Vicomtesse,186,200,14
Couffy,558,600,42
Lorges,370,400,30
La Ferté-Imbault,989,1000,11
Châtres-sur-Cher,1090,1100,10
Renay,176,200,24
Meslay,293,300,7
Villechauve,289,300,11
Sougé,482,500,18
Semerville,95,100,5
Santenay,271,300,29
Françay,297,300,3
Saint-Gervais-la-Forêt,3312,3400,88
Millançay,744,800,56
Marchenoir,699,700,1
Villeneuve-Frouville,71,100,29
Périgny,191,200,9
Bourré,748,800,52
Sainte-Anne,371,400,29
Saint-Viâtre,1269,1300,31
Nouan-le-Fuzelier,2381,2500,119
Seur,467,500,33
Autainville,378,400,22
Marcilly-en-Beauce,362,400,38
Champigny-en-Beauce,654,700,46
Faverolles-sur-Cher,1293,1300,7
Courbouzon,445,500,55
Talcy,261,300,39
Cormenon,697,700,3
Le Temple,176,200,24
Saint-Étienne-des-Guérets,97,100,3
Saint-Denis-sur-Loire,787,800,13
Saint-Julien-sur-Cher,747,800,53
Concriers,162,200,38
La Fontenelle,196,200,4
Droué,1073,1100,27
Villiersfaux,256,300,44
Landes-le-Gaulois,697,700,3
Saint-Marc-du-Cor,190,200,10
Rocé,188,200,12
Beauvilliers,62,100,38
Selommes,843,900,57
Seillac,84,100,16
La Côte-en-Couzan,76,100,24
Poncins,897,900,3
Firminy,17133,17500,367
Chenereilles,476,500,24
Arçon,99,100,1
Saint-Julien-la-Vêtre,376,400,24
Leigneux,391,400,9
Chirassimont,376,400,24
La Chamba,51,100,49
Saint-Laurent-Rochefort,252,300,48
Arcinges,194,200,6
Saint-Galmier,5588,5600,12
La Talaudière,6459,6500,41
Saint-Pierre-la-Noaille,368,400,32
Marclopt,494,500,6
Essertines-en-Donzy,490,500,10
Saint-Marcel-de-Félines,779,800,21
Pouilly-sous-Charlieu,2544,2600,56
Champdieu,1694,1700,6
Grézolles,279,300,21
Civens,1367,1400,33
Saint-Thurin,194,200,6
Ailleux,147,200,53
Saint-Martin-d'Estréaux,897,900,3
Chambœuf,1590,1600,10
Saint-Étienne,171260,172700,1440
Vérin,692,700,8
Cuzieu,1498,1500,2
Saint-Michel-sur-Rhône,778,800,22
Noirétable,1666,1700,34
Le Crozet,298,300,2
Tarentaise,450,500,50
Burdignes,347,400,53
Saint-Priest-la-Prugne,459,500,41
Perreux,2169,2200,31
Charlieu,3695,3700,5
Le Chambon-Feugerolles,12851,13000,149
Roche,268,300,32
Saint-Barthélemy-Lestra,684,700,16
Marlhes,1393,1400,7
Cezay,190,200,10
La Gimond,272,300,28
Bonson,3593,3700,107
Montarcher,63,100,37
Saint-Nizier-sous-Charlieu,1661,1700,39
Saint-Marcel-d'Urfé,283,300,17
Virigneux,588,600,12
Saint-Cyprien,2313,2400,87
Saint-Rirand,158,200,42
Villemontais,981,1000,19
Noës,186,200,14
Bessey,398,400,2
Le Coteau,6905,7000,95
La Tuilière,287,300,13
Estivareilles,671,700,29
Châteauneuf,1480,1500,20
Croizet-sur-Gand,284,300,16
Fraisses,3958,4100,142
Saint-Vincent-de-Boisset,884,900,16
Bussy-Albieux,482,500,18
Champoly,288,300,12
Saint-Julien-d'Oddes,270,300,30
Marols,398,400,2
Thélis-la-Combe,175,200,25
La Gresle,790,800,10
Saint-Just-Saint-Rambert,14172,14500,328
Sail-sous-Couzan,951,1000,49
La Versanne,355,400,45
La Grand-Croix,5070,5100,30
La Chambonie,59,100,41
Lavieu,95,100,5
Salvizinet,599,600,1
Amions,290,300,10
Saint-Romain-d'Urfé,284,300,16
Saint-Martin-la-Sauveté,974,1000,26
Chambéon,483,500,17
Saint-Haon-le-Châtel,596,600,4
Saint-Thomas-la-Garde,585,600,15
Rozier-en-Donzy,1362,1400,38
Boisset-lès-Montrond,1081,1100,19
Saint-Régis-du-Coin,374,400,26
Saint-Sixte,695,700,5
La Fouillouse,4393,4400,7
Jeansagnière,83,100,17
L'Étrat,2621,2700,79
Margerie-Chantagret,699,700,1
La Chapelle-Villars,561,600,39
Pinay,278,300,22
Roisey,881,900,19
Néronde,472,500,28
Cherier,483,500,17
La Pacaudière,1066,1100,34
Montchal,443,500,57
Saint-Héand,3561,3700,139
Saint-Jean-la-Vêtre,344,400,56
Palogneux,73,100,27
Nollieux,156,200,44
Villers,575,600,25
Cordelle,892,900,8
Saint-Germain-Lespinasse,1161,1200,39
Saint-Denis-sur-Coise,586,600,14
Violay,1338,1400,62
Chandon,1448,1500,52
Villars,7831,7900,69
Belleroche,259,300,41
Salles,479,500,21
Neulise,1269,1300,31
Juré,244,300,56
Coutouvre,1098,1100,2
Cleppé,556,600,44
Épercieux-Saint-Paul,663,700,37
Saint-Jodard,555,600,45
Lorette,4498,4500,2
Saint-Just-en-Chevalet,1182,1200,18
Bully,395,400,5
Noailly,776,800,24
Pommiers,374,400,26
Saint-Laurent-la-Conche,594,600,6
Blavozy,1592,1600,8
Desges,63,100,37
Loudes,870,900,30
Saint-Julien-Chapteuil,1870,1900,30
Tence,3193,3300,107
Fontannes,1058,1100,42
Le Chambon-sur-Lignon,2672,2700,28
Chassignolles,80,100,20
Saint-Préjet-d'Allier,171,200,29
Boisset,285,300,15
Beaumont,269,300,31
Azerat,265,300,35
Torsiac,72,100,28
Josat,91,100,9
Ally,163,200,37
Saint-Julien-des-Chazes,75,100,25
Venteuges,366,400,34
Chomelix,488,500,12
Le Brignon,595,600,5
Brioude,6664,6700,36
Autrac,78,100,22
Bonneval,86,100,14
Saint-Front,458,500,42
Siaugues-Sainte-Marie,798,800,2
Goudet,61,100,39
Allègre,987,1000,13
Valprivas,498,500,2
Mézères,158,200,42
Saint-Arcons-d'Allier,194,200,6
Saint-Paul-de-Tartas,192,200,8
Paulhac,656,700,44
Prades,62,100,38
Saint-Jean-de-Nay,384,400,16
Espaly-Saint-Marcel,3548,3600,52
Raucoules,891,900,9
Saint-Austremoine,50,100,50
Chavaniac-Lafayette,280,300,20
Présailles,152,200,48
Saint-Étienne-sur-Blesle,51,100,49
Chambezon,88,100,12
Saint-Privat-du-Dragon,164,200,36
Langeac,3978,4000,22
Ferrussac,85,100,15
Tailhac,81,100,19
Beaux,794,800,6
Roche-en-Régnier,491,500,9
Berbezit,59,100,41
Chilhac,197,200,3
Saint-Vénérand,55,100,45
Saugues,1873,1900,27
Ceyssac,398,400,2
Sainte-Eugénie-de-Villeneuve,93,100,7
Lissac,260,300,40
Barges,70,100,30
Riotord,1197,1200,3
Lafarre,63,100,37
Bellevue-la-Montagne,468,500,32
Aiguilhe,1585,1600,15
Saint-Hilaire,183,200,17
La Chapelle-Bertin,58,100,42
Saint-Jean-d'Aubrigoux,187,200,13
Charraix,95,100,5
Auvers,62,100,38
Vernassal,393,400,7
Vielprat,63,100,37
Le Mas-de-Tence,175,200,25
Dunières,2934,3000,66
Saint-Étienne-Lardeyrol,695,700,5
Javaugues,197,200,3
Chaniat,166,200,34
Saint-Georges-Lagricol,498,500,2
Salzuit,361,400,39
Saint-Jean-Lachalm,285,300,15
Domeyrat,192,200,8
Agnat,190,200,10
Le Puy-en-Velay,18521,18900,379
Saint-Bérain,96,100,4
Chadrac,2671,2700,29
Estables,344,400,56
Saint-Pierre-du-Champ,489,500,11
Espalem,287,300,13
Saint-Vincent,978,1000,22
Laval-sur-Doulon,62,100,38
Chassagnes,178,200,22
Félines,283,300,17
Aubazat,188,200,12
Ouides,55,100,45
Salettes,148,200,52
Saint-Cirgues,161,200,39
Cerzat,194,200,6
Saint-Ilpize,176,200,24
Lamothe,824,900,76
Cronce,81,100,19
Montclard,62,100,38
Paulhaguet,940,1000,60
Blesle,634,700,66
Alleyras,173,200,27
Saint-Just-Malmont,4126,4200,74
La Chaise-Dieu,722,800,78
Collat,85,100,15
Saint-Haon,347,400,53
Rauret,178,200,22
Piriac-sur-Mer,2209,2300,91
Le Landreau,2876,2900,24
Saint-Herblain,43153,43200,47
La Marne,1364,1400,36
La Chapelle-Saint-Sauveur,780,800,20
Remouillé,1695,1700,5
Le Fresne-sur-Loire,982,1000,18
Le Pouliguen,4979,5100,121
Assérac,1789,1800,11
Villepot,653,700,47
Saint-Fiacre-sur-Maine,1194,1200,6
Fercé,485,500,15
Bonnœuvre,561,600,39
La Montagne,5985,6000,15
Soudan,2013,2100,87
Saint-Julien-de-Concelles,6820,6900,80
Pornichet,10451,10500,49
Rougé,2253,2300,47
Batz-sur-Mer,3071,3100,29
Le Croisic,4050,4100,50
Châteaubriant,12022,12200,178
Barbechat,1284,1300,16
Noyal-sur-Brutz,582,600,18
Soulvache,397,400,3
Lavau-sur-Loire,758,800,42
Saint-Brevin-les-Pins,12248,12300,52
Mouais,388,400,12
Gétigné,3397,3400,3
La Baule-Escoublac,16040,16700,660
Louisfert,898,900,2
La Selle-sur-le-Bied,977,1000,23
Quiers-sur-Bézonde,1173,1200,27
Jargeau,4488,4500,12
Escrignelles,64,100,36
Mérinville,164,200,36
Ouzouer-sous-Bellegarde,283,300,17
Châtillon-le-Roi,277,300,23
Rouvray-Sainte-Croix,139,200,61
Louzouer,266,300,34
Château-Renard,2280,2300,20
Tournoisis,371,400,29
Audeville,177,200,23
Ouzouer-des-Champs,280,400,120
Sermaises,1593,1600,7
Ladon,1342,1400,58
Rebréchien,1363,1400,37
Corbeilles,1490,1500,10
Cortrat,90,100,10
Champoulet,47,100,53
Adon,179,200,21
Saint-Germain-des-Prés,1881,1900,19
Montbarrois,272,300,28
Puiseaux,3297,3300,3
La Chapelle-Saint-Sépulcre,262,300,38
Saint-Florent,464,500,36
Paucourt,894,900,6
Presnoy,245,300,55
Rouvres-Saint-Jean,282,300,18
Fréville-du-Gâtinais,182,200,18
Montcorbon,460,500,40
Échilleuses,374,400,26
Chapelon,282,300,18
Sougy,874,900,26
Gien,14684,15300,616
Courcelles,285,300,15
Mardié,2560,2600,40
Cerdon,1039,1100,61
Cernoy-en-Berry,457,500,43
Treilles-en-Gâtinais,297,300,3
Léouville,66,100,34
Moulon,188,200,12
Saint-Gondon,1099,1100,1
Seichebrières,173,200,27
Charsonville,588,600,12
Beaugency,7659,7700,41
La Neuville-sur-Essonne,366,400,34
Villamblain,275,300,25
Montargis,14649,15500,851
Préfontaines,461,500,39
Bougy-lez-Neuville,189,200,11
Ramoulu,259,300,41
Greneville-en-Beauce,662,700,38
Meung-sur-Loire,6086,6100,14
Rozières-en-Beauce,183,200,17
Aschères-le-Marché,1191,1200,9
Guilly,666,700,34
Juranville,485,500,15
Courtemaux,289,300,11
La Bussière,793,800,7
Faverelles,159,200,41
Nesploy,387,400,13
Chilleurs-aux-Bois,1841,1900,59
Saint-Lyé-la-Forêt,1098,1100,2
Bonnée,670,700,30
Dammarie-en-Puisaye,180,200,20
Pierrefitte-ès-Bois,286,300,14
Beaulieu-sur-Loire,1785,1800,15
Morville-en-Beauce,187,200,13
Briarres-sur-Essonne,537,600,63
Beaune-la-Rolande,2018,2100,82
Foucherolles,295,300,5
Montcresson,1299,1300,1
Fleury-les-Aubrais,21171,21200,29
Ouzouer-sur-Trézée,1276,1300,24
La Selle-en-Hermoy,779,800,21
Mareau-aux-Prés,1290,1300,10
Sainte-Geneviève-des-Bois,1081,1100,19
Bonny-sur-Loire,2049,2100,51
Girolles,676,700,24
Isdes,590,600,10
Viglain,897,900,3
Ousson-sur-Loire,743,800,57
Conflans-sur-Loing,359,400,41
Combleux,475,500,25
Yèvre-la-Ville,699,700,1
Chailly-en-Gâtinais,675,700,25
Mézières-lez-Cléry,793,800,7
Marcilly-en-Villette,1999,2000,1
Bucy-le-Roi,191,200,9
Ménestreau-en-Villette,1467,1500,33
Breteau,73,100,27
Rozoy-le-Vieil,391,400,9
Nogent-sur-Vernisson,2594,2600,6
Villemoutiers,492,500,8
Andonville,196,200,4
Saran,15120,15300,180
Desmonts,172,200,28
Boiscommun,1147,1200,53
Le Bignon-Mirabeau,282,300,18
Saint-Sigismond,295,300,5
Vrigny,778,800,22
Dry,1391,1400,9
Gondreville,371,400,29
Langesse,79,100,21
Montigny,250,300,50
Saint-Hilaire-sur-Puiseaux,166,200,34
Mézières-en-Gâtinais,260,300,40
Lion-en-Sullias,393,400,7
Huisseau-sur-Mauves,1638,1700,62
Saint-Firmin-des-Bois,489,500,11
Orveau-Bellesauve,381,400,19
Pithiviers-le-Vieil,1828,1900,72
Labrosse,79,100,21
Lorcy,546,600,54
Patay,2080,2100,20
Auxy,994,1000,6
Saint-Maurice-sur-Aveyron,873,900,27
Boësses,390,400,10
Aillant-sur-Milleron,389,400,11
La Cour-Marigny,349,400,51
Bondaroy,393,400,7
Sully-sur-Loire,5443,5700,257
Darvoy,1869,1900,31
Saint-Jean-de-la-Ruelle,16631,16700,69
Feins-en-Gâtinais,50,100,50
Saint-Pryvé-Saint-Mesmin,5188,5300,112
Saint-Jean-le-Blanc,8185,8300,115
Ingré,7899,7900,1
Saint-Denis-en-Val,7162,7200,38
Ondreville-sur-Essonne,389,400,11
Olivet,19583,20100,517
Messas,875,900,25
Gaubertin,268,300,32
Cornac,355,400,45
Rouffilhac,161,200,39
Crégols,78,100,22
Lavercantière,273,300,27
Saint-Michel-Loubéjou,383,400,17
Parnac,390,400,10
Puyjourdes,70,100,30
Pontcirq,158,200,42
Lauresses,283,300,17
Cézac,180,200,20
Autoire,342,400,58
Lauzès,167,200,33
Montredon,285,300,15
Larroque-Toirac,143,200,57
Quatre-Routes-du-Lot,672,700,28
Mayrac,268,300,32
Figeac,9810,10000,190
Creysse,293,300,7
Aynac,590,600,10
Lhospitalet,449,500,51
Milhac,199,200,1
Soturac,661,700,39
Glanes,286,300,14
Saint-Cirq-Madelon,145,200,55
Saint-Médard,164,200,36
Cardaillac,566,600,34
Saint-Céré,3545,3600,55
Touzac,355,400,45
Cressensac,637,700,63
Rignac,267,300,33
Bagnac-sur-Célé,1556,1600,44
Théminettes,169,200,31
Montamel,96,100,4
Lacave,285,300,15
Saignes,74,100,26
Sénaillac-Lauzès,133,200,67
Fontanes-du-Causse,75,100,25
Lacapelle-Cabanac,163,200,37
Boussac,168,200,32
Cadrieu,158,200,42
Montcuq,1273,1300,27
Saint-Clair,144,200,56
Beaumat,76,100,24
Le Montat,972,1000,28
Frontenac,76,100,24
Sainte-Croix,85,100,15
Ginouillac,171,200,29
Albiac,87,100,13
Cahus,189,200,11
Vaylats,270,300,30
Carayac,79,100,21
Saint-Géry,458,500,42
Escamps,169,200,31
Prayssac,2469,2500,31
Lascabanes,189,200,11
Lunegarde,90,100,10
Fargues,159,200,41
Bagat-en-Quercy,196,200,4
Bach,170,200,30
Girac,369,400,31
Lanzac,592,600,8
Concorès,287,300,13
Sarrazac,571,600,29
Payrac,653,700,47
Saint-Paul-de-Vern,194,200,6
Lamativie,65,100,35
Montcabrier,351,400,49
Saint-Denis-lès-Martel,355,400,45
Le Bourg,296,300,4
Rudelle,191,200,9
Bouziès,78,100,22
Caillac,575,600,25
Le Boulvé,179,200,21
Corn,198,200,2
Nadillac,74,100,26
Capdenac,1092,1100,8
Duravel,960,1000,40
Nadaillac-de-Rouge,190,200,10
Lamagdelaine,751,800,49
Vidaillac,167,200,33
Peyrilles,366,400,34
Vire-sur-Lot,380,400,20
Villesèque,392,400,8
Castelnau-Montratier,1847,1900,53
Sainte-Colombe,191,200,9
Reyrevignes,296,300,4
Molières,368,400,32
Thégra,496,500,4
Floirac,275,300,25
Issepts,179,200,21
Reilhac,172,200,28
Saint-Sauveur-la-Vallée,47,100,53
Sonac,79,100,21
Saint-Perdoux,199,200,1
Frayssinhes,198,200,2
Saint-Caprais,80,100,20
Ussel,76,100,24
Saint-Médard-Nicourby,88,100,12
Saint-Vincent-Rive-d'Olt,491,500,9
Saint-Vincent-du-Pendit,164,200,36
Flaujac-Gare,92,100,8
Saint-Hilaire,76,100,24
Marminiac,383,400,17
Sabadel-Lauzès,92,100,8
Saint-Cirgues,379,400,21
Frayssinet-le-Gélat,383,400,17
Assier,684,700,16
Grèzes,162,200,38
Saint-Projet,397,400,3
Saint-Chels,158,200,42
Lebreil,154,200,46
Souillac,3817,3900,83
Junies,251,300,49
Loupiac,270,300,30
Payrignac,696,700,4
Espeyroux,96,100,4
Cambes,331,400,69
Fons,393,400,7
Luzech,1679,1700,21
Montfaucon,526,600,74
Espagnac-Sainte-Eulalie,85,100,15
Calviac,165,200,35
Pomarède,186,200,14
Rocamadour,675,700,25
Padirac,189,200,11
Terrou,189,200,11
Teyssieu,187,200,13
Montcléra,273,300,27
Espédaillac,261,300,39
Puy-l'Évêque,2106,2200,94
Planioles,488,500,12
Marcilhac-sur-Célé,197,200,3
Boissières,372,400,28
Lachapelle-Auzac,764,800,36
Mercuès,1054,1100,46
Cénevières,179,200,21
Saint-Martin-Labouval,178,200,22
Belmontet,147,200,53
Fajoles,262,300,38
Carennac,389,400,11
Labathude,189,200,11
Lamothe-Cassel,97,100,3
Orniac,86,100,14
Calès,168,200,32
Vaillac,96,100,4
Cras,93,100,7
Anglars,176,200,24
Felzins,387,400,13
Tauriac,387,400,13
Saint-Cernin,194,200,6
Leyme,961,1000,39
Limogne-en-Quercy,796,800,4
Saint-Laurent-Lolmie,195,200,5
Fontanès,456,500,44
Flaujac-Poujols,698,700,2
Strenquels,273,300,27
Sabadel-Latronquière,87,100,13
Granges-sur-Lot,580,600,20
Saint-Géraud,80,100,20
Montesquieu,780,800,20
Allemans-du-Dropt,481,500,19
Sauveterre-Saint-Denis,450,500,50
Clermont-Dessous,797,800,3
Romestaing,147,200,53
Cuzorn,878,900,22
Allez-et-Cazeneuve,666,700,34
Nicole,273,300,27
Montpezat,582,600,18
Monclar,838,900,62
Couthures-sur-Garonne,390,400,10
Sauveterre-la-Lémance,586,600,14
Ambrus,99,100,1
Esclottes,156,200,44
Lavardac,2285,2300,15
Lalandusse,197,200,3
Saint-Avit,167,200,33
Ruffiac,176,200,24
Saint-Étienne-de-Villeréal,292,300,8
Chapelle,87,100,13
Sainte-Marthe,498,500,2
Tonneins,8965,9200,235
Allons,176,200,24
Saint-Pastour,393,400,7
Fargues-sur-Ourbise,366,400,34
Loubès-Bernac,369,400,31
Gaujac,283,300,17
Montastruc,277,300,23
Saint-Pardoux-du-Breuil,591,600,9
Frespech,290,300,10
Anthé,189,200,11
Saint-Martin-Curton,298,300,2
Douzains,279,300,21
Pujols,3626,3700,74
Colayrac-Saint-Cirq,2863,2900,37
Lacépède,295,300,5
Lagarrigue,282,300,18
Penne-d'Agenais,2402,2500,98
Cuq,283,300,17
Bourran,591,600,9
Monviel,85,100,15
Sérignac-Péboudou,175,200,25
Bourgougnague,277,300,23
Fauillet,859,900,41
Saint-Romain-le-Noble,394,400,6
Bias,3186,3200,14
Hautesvignes,163,200,37
Casseneuil,2335,2400,65
Villeneuve-sur-Lot,23513,23600,87
Cauzac,385,400,15
Calonges,589,600,11
Bruch,773,800,27
Montagnac-sur-Auvignon,599,600,1
Sauméjan,80,100,20
Réaup-Lisse,587,600,13
Savignac-sur-Leyze,279,300,21
Durance,281,300,19
Cahuzac,294,300,6
Clermont-Soubiran,367,400,33
Castelmoron-sur-Lot,1754,1800,46
Le Passage,9395,9400,5
Samazan,852,900,48
Varès,647,700,53
La Sauvetat-du-Dropt,566,600,34
Cambes,166,200,34
Moulinet,195,200,5
Poussignac,294,300,6
Anzex,285,300,15
Frégimont,270,300,30
Tournon-d'Agenais,771,800,29
Saint-Laurent,486,500,14
Monbahus,629,700,71
Bournel,261,300,39
Laussou,278,300,22
Saint-Martin-de-Beauville,173,200,27
Puymiclan,570,600,30
Sainte-Livrade-sur-Lot,6290,6400,110
Lafox,1163,1200,37
Fumel,5162,5200,38
Masquières,185,200,15
Thézac,196,200,4
Mongaillard,187,200,13
Aiguillon,4320,4400,80
Montignac-de-Lauzun,281,300,19
Auradou,383,400,17
Saint-Léon,298,300,2
Lougratte,449,500,51
Ségalas,167,200,33
Saint-Salvy,176,200,24
Monsempron-Libos,2051,2100,49
Condezaygues,857,900,43
Montayral,2876,3000,124
Saint-Robert,188,200,12
Saint-Léger,169,200,31
Bourlens,357,400,43
Armillac,193,200,7
Pompogne,194,200,6
Damazan,1281,1300,19
Grézet-Cavagnan,352,400,48
Labretonie,175,200,25
Le Temple-sur-Lot,971,1000,29
Lasserre,77,100,23
Peyrière,279,300,21
Montagnac-sur-Lède,252,300,48
Trémons,377,400,23
Saint-Astier,198,200,2
Sainte-Colombe-de-Duras,99,100,1
Monteton,277,300,23
Lauzun,729,800,71
Espiens,393,400,7
Monségur,379,400,21
Baleyssagues,182,200,18
Saint-Nicolas-de-la-Balerme,397,400,3
Saint-Pardoux-Isaac,1183,1200,17
Saint-Pierre-sur-Dropt,278,300,22
Saint-Quentin-du-Dropt,174,200,26
Saint-Eutrope-de-Born,694,700,6
Lusignan-Petit,370,400,30
Rayet,168,200,32
Lafitte-sur-Lot,791,800,9
Francescas,695,700,5
Saint-Front-sur-Lémance,562,600,38
Taillebourg,85,100,15
Beauville,578,600,22
Recoules-de-Fumas,95,100,5
La Malène,166,200,34
La Salle-Prunet,179,200,21
Malbouzon,146,200,54
Saint-Laurent-de-Muret,177,200,23
Chasseradès,158,200,42
Le Pont-de-Montvert,276,300,24
Sainte-Hélène,71,100,29
Saint-Léger-de-Peyre,169,200,31
Chaulhac,72,100,28
Estables,174,200,26
Chambon-le-Château,292,300,8
Langogne,3014,3100,86
Brion,98,100,2
Saint-Juéry,67,100,33
Fournels,368,400,32
Montrodat,1134,1200,66
Le Born,150,200,50
Salces,95,100,5
Pierrefiche,164,200,36
Grandrieu,760,800,40
Belvézet,92,100,8
Saint-Germain-de-Calberte,455,500,45
Saint-Pierre-le-Vieux,286,300,14
Le Collet-de-Dèze,668,700,32
Saint-Paul-le-Froid,146,200,54
Saint-Denis-en-Margeride,182,200,18
Le Malzieu-Ville,881,900,19
Saint-Chély-d'Apcher,4323,4500,177
Ribennes,166,200,34
Saint-Laurent-de-Trèves,179,200,21
Marchastel,77,100,23
Saint-Bonnet-de-Chirac,53,100,47
Saint-Maurice-de-Ventalon,75,100,25
Prinsuéjols,158,200,42
Saint-Pierre-de-Nogaret,164,200,36
Julianges,73,100,27
Saint-Germain-du-Teil,798,800,2
Saint-Flour-de-Mercoire,184,200,16
La Fage-Saint-Julien,284,300,16
Saint-Frézal-de-Ventalon,158,200,42
Cheylard-l'Évêque,63,100,37
Le Pompidou,183,200,17
Le Malzieu-Forain,470,500,30
Saint-Jean-la-Fouillouse,166,200,34
Molezon,90,100,10
Saint-Pierre-des-Tripiers,77,100,23
Lachamp,177,200,23
Sainte-Colombe-de-Peyre,199,200,1
Cubiérettes,54,100,46
La Fage-Montivernoux,168,200,32
Cocurès,196,200,4
Banassac,866,900,34
La Bastide-Puylaurent,172,200,28
Cubières,175,200,25
Albaret-le-Comtal,194,200,6
Saint-Rome-de-Dolan,80,100,20
Serverette,284,300,16
Bédouès,289,300,11
Noalhac,98,100,2
Fraissinet-de-Fourques,63,100,37
Montbrun,86,100,14
Pelouse,225,300,75
Saint-Sauveur-de-Peyre,276,300,24
Chanac,1399,1400,1
Bassurels,43,100,57
Saint-Saturnin,63,100,37
Fau-de-Peyre,182,200,18
Saint-André-Capcèze,168,200,32
Prunières,253,300,47
Chastanier,92,100,8
Barjac,660,700,40
Saint-Sauveur-de-Ginestoux,62,100,38
Mende,12140,12200,60
Saint-Privat-de-Vallongue,272,300,28
Grandvals,83,100,17
Meyrueis,825,900,75
Prévenchères,260,300,40
Chauchailles,97,100,3
La Panouse,77,100,23
Sainte-Eulalie,46,100,54
Rieutort-de-Randon,756,800,44
Saint-Georges-de-Lévéjac,259,300,41
Saint-Symphorien,249,300,51
Laval-Atger,166,200,34
Saint-Martin-de-Boubaux,172,200,28
Le Bleymard,356,400,44
Servières,182,200,18
Laubies,171,200,29
Armaillé,284,300,16
Pontigné,257,300,43
Saint-Clément-des-Levées,1149,1200,51
Saint-Sauveur-de-Landemont,870,900,30
Saint-Philbert-en-Mauges,376,400,24
Cholet,54098,54100,2
Saint-Georges-des-Gardes,1590,1600,10
La Chapelle-sur-Oudon,586,600,14
Tigné,765,800,35
Le Puy-Notre-Dame,1267,1300,33
Le Plessis-Macé,1259,1300,41
Beausse,392,400,8
La Prévière,254,300,46
Rairies,970,1000,30
Rou-Marson,683,700,17
Cerqueux-sous-Passavant,496,500,4
Beauvau,253,300,47
Noyant,1896,1900,4
Saint-Martin-de-la-Place,1156,1200,44
Saint-Sauveur-de-Flée,287,300,13
Angers,147571,148400,829
Champ-sur-Layon,989,1000,11
La Daguenière,1282,1300,18
La Chapelle-du-Genêt,1196,1200,4
Soulaines-sur-Aubance,1156,1200,44
Saint-Laurent-de-la-Plaine,1699,1700,1
Saint-Cyr-en-Bourg,982,1000,18
Montigné-lès-Rairies,366,400,34
Pouancé,3110,3200,90
Saint-Rémy-la-Varenne,976,1000,24
Saint-Léger-sous-Cholet,2492,2500,8
Nyoiseau,1281,1300,19
Grugé-l'Hôpital,299,300,1
Gené,456,500,44
Chartrené,54,100,46
Champigné,2068,2100,32
Chênehutte-Trèves-Cunault,1038,1100,62
Chazé-Henry,858,900,42
Saint-Laurent-du-Mottay,779,800,21
Savennières,1375,1400,25
Contigné,761,800,39
Aubigné-sur-Layon,359,400,41
Montreuil-sur-Maine,689,700,11
Bourgneuf-en-Mauges,679,700,21
La Salle-de-Vihiers,1063,1100,37
La Plaine,964,1000,36
Le Vieil-Baugé,1266,1300,34
Cizay-la-Madeleine,498,500,2
Saint-Barthélemy-d'Anjou,8702,8900,198
Lué-en-Baugeois,342,400,58
Alleuds,890,900,10
Blaison-Gohier,1096,1100,4
Marcé,859,900,41
Montguillon,196,200,4
Chanteloup-les-Bois,681,700,19
Saint-Florent-le-Vieil,2677,2700,23
Avrillé,12639,12700,61
Fougeré,756,800,44
Saint-Sigismond,374,400,26
Saint-Sulpice,179,200,21
Le Longeron,2078,2100,22
Montsoreau,480,500,20
Bouzillé,1473,1500,27
Seiches-sur-le-Loir,2960,3000,40
Torfou,2090,2100,10
L'Hôtellerie-de-Flée,487,500,13
Parnay,482,500,18
Saint-Georges-sur-Layon,785,800,15
Brain-sur-l'Authion,3291,3400,109
Chemiré-sur-Sarthe,272,300,28
Linières-Bouton,86,100,14
Le Lion-d'Angers,3687,3700,13
Vauchrétien,1478,1500,22
Grez-Neuville,1491,1500,9
Courléon,167,200,33
Sainte-Christine,784,800,16
Trémont,397,400,3
Saint-Germain-sur-Moine,2789,2800,11
Saint-Mathurin-sur-Loire,2374,2400,26
La Pellerine,160,200,40
Corné,2866,2900,34
Cantenay-Épinard,2070,2100,30
Antoigné,485,500,15
Varennes-sur-Loire,1891,1900,9
Martigné-Briand,1872,1900,28
Chaumont-d'Anjou,289,300,11
Lasse,281,300,19
Saint-Martin-d'Arcé,794,800,6
Breil,277,300,23
Montreuil-sur-Loir,494,500,6
Méon,264,300,36
Chaudefonds-sur-Layon,957,1000,43
La Renaudière,924,1000,76
Écouflant,3748,3800,52
Saint-Georges-des-Sept-Voies,695,700,5
Montilliers,1153,1200,47
Saint-Lézin,765,800,35
Le Fuilet,1865,1900,35
Juigné-sur-Loire,2499,2500,1
Le Plessis-Grammoire,2283,2300,17
Le Mesnil-en-Vallée,1468,1500,32
La Breille-les-Pins,595,600,5
La Tourlandry,1286,1300,14
Sainte-Gemmes-d'Andigné,1486,1500,14
Vezins,1634,1700,66
Saumur,27283,28100,817
Montrevault,1281,1300,19
Saint-Christophe-du-Bois,2624,2700,76
Luigné,265,300,35
Mûrs-Erigné,5326,5400,74
La Pommeraye,3966,4000,34
Beauficel,167,200,33
Mortain,1733,1800,67
Vernix,171,200,29
Azeville,77,100,23
Équeurdreville-Hainneville,17339,17400,61
Le Mesnil-Rogues,168,200,32
La Croix-Avranchin,477,500,23
Le Perron,188,200,12
Besneville,668,700,32
La Feuillie,296,300,4
Ferrières,57,100,43
Carnet,476,500,24
Aucey-la-Plaine,456,500,44
Bérigny,387,400,13
Dangy,651,700,49
Glatigny,144,200,56
Beaucoudray,154,200,46
Montbray,362,400,38
Saint-Hilaire-Petitville,1362,1400,38
Saint-Patrice-de-Claids,157,200,43
Picauville,1934,2000,66
Mobecq,251,300,49
La Meauffe,1081,1100,19
Saint-Laurent-de-Terregatte,566,600,34
Villechien,192,200,8
Hiesville,74,100,26
Fervaches,383,400,17
Hambye,1192,1200,8
Morigny,87,100,13
Moitiers-d'Allonne,685,700,15
Fourneaux,96,100,4
Anctoville-sur-Boscq,498,500,2
Coulouvray-Boisbenâtre,540,600,60
Lengronne,449,500,51
Saint-Pois,494,500,6
Saint-Sébastien-de-Raids,362,400,38
Herqueville,159,200,41
Chaulieu,284,300,16
Hocquigny,192,200,8
Le Mesnil-Vigot,261,300,39
Saint-Jean-de-Savigny,381,400,19
Videcosville,87,100,13
Neufmesnil,190,200,10
Champs-de-Losque,199,200,1
Lithaire,551,600,49
Tirepied,777,800,23
Contrières,392,400,8
La Mancellière-sur-Vire,487,500,13
Brévands,347,400,53
Feugères,339,400,61
Baudreville,82,100,18
Néville-sur-Mer,187,200,13
Perques,161,200,39
Flottemanville-Hague,885,900,15
Tollevast,1198,1200,2
Joganville,89,100,11
La Trinité,398,400,2
Sainte-Pience,298,300,2
Saint-Jean-du-Corail-des-Bois,77,100,23
La Pernelle,249,300,51
Saint-Martin-de-Landelles,1190,1200,10
Braffais,190,200,10
Avranches,8020,8200,180
Montanel,369,400,31
Saint-Jean-du-Corail,265,300,35
Tourlaville,15910,16300,390
Colomby,482,500,18
Saint-Laurent-de-Cuves,488,500,12
Saint-Jean-de-la-Rivière,355,400,45
Chevry,79,100,21
Auvers,671,700,29
Cosqueville,580,600,20
Saint-Martin-le-Bouillant,291,300,9
Golleville,179,200,21
Montjoie-Saint-Martin,272,300,28
Bellefontaine,159,200,41
Angoville-sur-Ay,256,300,44
Cresnays,254,300,46
Brécey,2177,2200,23
Saint-Louet-sur-Vire,199,200,1
Buais,559,600,41
Surtainville,1235,1300,65
Granville,12969,13100,131
Coutances,9355,9400,45
Donville-les-Bains,3242,3300,58
Saint-Germain-de-Tournebut,394,400,6
La Bonneville,173,200,27
Saint-Germain-sur-Sèves,199,200,1
Saint-Georges-de-la-Rivière,280,300,20
Saint-Pierre-Église,1785,1800,15
Carentan,6063,6100,37
Chasseguey,77,100,23
Le Mesnil-Eury,187,200,13
Magneville,293,300,7
Boisroger,194,200,6
La Haye-Bellefond,78,100,22
Ravenoville,263,300,37
Heugueville-sur-Sienne,535,600,65
Crosville-sur-Douve,62,100,38
Équilly,162,200,38
Le Mesnil-Raoult,386,400,14
Ger,851,900,49
Branville-Hague,178,200,22
Saint-Georges-d'Elle,384,400,16
Muneville-le-Bingard,684,700,16
Saint-Pellerin,394,400,6
Sainte-Marie-du-Mont,750,800,50
Marcilly,372,400,28
Le Mesnil-Gilbert,150,200,50
Cuves,349,400,51
Vaudreville,80,100,20
Raids,192,200,8
Le Petit-Celland,183,200,17
Quettehou,1586,1600,14
Bretteville-sur-Ay,385,400,15
Saint-Lô-d'Ourville,530,600,70
Notre-Dame-du-Touchet,641,700,59
Vaudrimesnil,393,400,7
Saint-Barthélemy,348,400,52
Muneville-sur-Mer,392,400,8
Méautis,651,700,49
Laulne,157,200,43
Le Rozel,282,300,18
Gavray,1388,1400,12
Lolif,546,600,54
Breuville,378,400,22
Le Mesnil-Amand,162,200,38
Amfreville,293,300,7
Troisgots,283,300,17
Périers,2390,2400,10
Surville,196,200,4
Morville,260,300,40
Lieusaint,376,400,24
Montpinchon,560,600,40
Montmartin-en-Graignes,560,600,40
Querqueville,5244,5500,256
Valcanville,372,400,28
Saint-James,2678,2700,22
Villedieu-les-Poêles,3871,3900,29
Saint-Hilaire-du-Harcouët,3959,4100,141
Doville,293,300,7
Le Mesnillard,281,300,19
Hardinvast,896,900,4
Bolleville,380,400,20
Gathemo,287,300,13
Brectouville,167,200,33
Le Neufbourg,488,500,12
Barfleur,643,700,57
Giéville,683,700,17
Cherbourg-Octeville,38433,39800,1367
Vauville,383,400,17
Martinvast,1189,1200,11
Houtteville,93,100,7
Fresville,373,400,27
Pontaubault,472,500,28
Benoîtville,592,600,8
Saint-Vaast-la-Hougue,2028,2100,72
Saint-Lô,18718,19100,382
Chef-du-Pont,743,800,57
Barneville-Carteret,2283,2300,17
Fontenay-sur-Mer,168,200,32
Le Dézert,548,600,52
Le Mesnil-Amey,272,300,28
Chéris,266,300,34
Champeaux,358,400,42
Rauville-la-Place,388,400,12
Barenton,1255,1300,45
Hémevez,173,200,27
Le Plessis-Lastelle,258,300,42
Gatteville-le-Phare,497,500,3
Pont-Hébert,1780,1800,20
Sainte-Marie-du-Bois,58,100,42
Précey,488,500,12
Auderville,267,300,33
Reffuveille,476,500,24
Brouains,194,200,6
Varouville,267,300,33
Urville,194,200,6
Romagny,1030,1100,70
Argouges,549,600,51
Valognes,7190,7200,10
Gréville-Hague,767,800,33
Sourdeval-les-Bois,176,200,24
Vengeons,481,500,19
Gratot,663,700,37
Le Mesnil,198,200,2
Baubigny,156,200,44
La Haye-Pesnel,1367,1400,33
Sourdeval,2782,2900,118
Anneville-en-Saire,386,400,14
Auxais,180,200,20
Tocqueville,260,300,40
Ver,375,400,25
Écoquenéauville,69,100,31
Octeville-l'Avenel,193,200,7
Saint-Jores,361,400,39
Pirou,1589,1600,11
Digulleville,291,300,9
La Meurdraquière,157,200,43
Gonfreville,160,200,40
Servon,255,300,45
Beuzeville-au-Plain,47,100,53
Hérenguerville,182,200,18
Gouvets,268,300,32
Graignes-Mesnil-Angot,793,800,7
Tribehou,496,500,4
Villebaudon,299,300,1
Quinéville,298,300,2
Dragey-Ronthon,799,800,1
Beuvrigny,139,200,61
Le Mesnil-Adelée,189,200,11
Le Vrétot,585,600,15
Biéville,173,200,27
Lamberville,171,200,29
Orval,864,900,36
Montcuit,197,200,3
Nay,80,100,20
Tessy-sur-Vire,1454,1500,46
Montrabot,80,100,20
Blainville-sur-Mer,1576,1600,24
Montabot,291,300,9
La Chapelle-en-Juger,655,700,45
Torigni-sur-Vire,2377,2400,23
Le Theil,671,700,29
Canteloup,195,200,5
La Baleine,94,100,6
Gouville-sur-Mer,2042,2100,58
Gorges,360,400,40
Saint-Maurice-en-Cotentin,288,300,12
Le Mesnilbus,286,300,14
Beauchamps,382,400,18
La Bazoge,163,200,37
Juilley,598,600,2
Camprond,386,400,14
Urville-Nacqueville,2183,2200,17
La Haye-du-Puits,1662,1700,38
Agneaux,4020,4200,180
Réville,1179,1200,21
Portbail,1656,1700,44
Saint-Vigor-des-Monts,295,300,5
Le Mesnil-au-Val,676,700,24
Le Val-Saint-Père,1853,1900,47
Blosville,268,300,32
Boutteville,57,100,43
Le Mesnil-Opac,266,300,34
Saint-Pierre-d'Arthéglise,151,200,49
Hudimesnil,866,900,34
Gonneville,874,900,26
Gourbesville,173,200,27
Nouainville,448,500,52
Chérencé-le-Héron,378,400,22
Brix,2067,2100,33
Lingeard,85,100,15
Le Teilleul,1284,1300,16
Saint-Germain-sur-Ay,897,900,3
Saint-Symphorien-des-Monts,142,200,58
Remilly-sur-Lozon,660,700,40
Maupertus-sur-Mer,256,300,44
Villiers-le-Pré,192,200,8
Le Mesnil-Aubert,155,200,45
Grimesnil,63,100,37
Audouville-la-Hubert,57,100,43
Bouzy,945,1000,55
Bignicourt-sur-Saulx,176,200,24
Fagnières,4420,4500,80
Montbré,261,300,39
Saint-Martin-aux-Champs,97,100,3
Humbauville,76,100,24
Remicourt,64,100,36
Montigny-sur-Vesle,477,500,23
Sermiers,558,600,42
Bannes,268,300,32
Villers-le-Château,255,300,45
Braux-Sainte-Cohière,88,100,12
Bazancourt,1958,2000,42
Courtémont,66,100,34
Giffaumont-Champaubert,257,300,43
Chantemerle,53,100,47
Sacy,380,400,20
Saint-Mard-lès-Rouffy,166,200,34
Le Vézier,191,200,9
Congy,259,300,41
Écury-sur-Coole,460,500,40
Vassimont-et-Chapelaine,64,100,36
Allemant,176,200,24
Barbonne-Fayel,490,500,10
Queudes,89,100,11
Mancy,279,300,21
Pouillon,467,500,33
Pourcy,171,200,29
Vert-Toulon,298,300,2
Reims,179992,181500,1508
Épernay,24035,24600,565
Somme-Bionne,78,100,22
Dommartin-sous-Hans,51,100,49
Braux-Saint-Remy,93,100,7
Brouillet,93,100,7
Montmirail,3795,3800,5
Saint-Masmes,455,500,45
Ognes,68,100,32
La Caure,91,100,9
Moussy,764,800,36
Thibie,263,300,37
Bréban,90,100,10
Arrigny,266,300,34
Granges-sur-Aube,187,200,13
Dampierre-le-Château,99,100,1
Val-de-Vesle,778,800,22
Courtisols,2552,2600,48
Baconnes,292,300,8
Marcilly-sur-Seine,630,700,70
Écury-le-Repos,67,100,33
Nesle-la-Reposte,88,100,12
Potangis,90,100,10
Norrois,173,200,27
Saint-Martin-sur-le-Pré,772,800,28
Hans,150,200,50
Heiltz-l'Évêque,298,300,2
Fèrebrianges,184,200,16
Sarcy,249,300,51
Vandeuil,198,200,2
Saint-Étienne-sur-Suippe,283,300,17
Puisieulx,366,400,34
Serzy-et-Prin,180,200,20
Matougues,668,700,32
Saint-Saturnin,58,100,42
Muizon,2209,2300,91
La Chapelle-Lasson,87,100,13
Vitry-le-François,13384,14200,816
Saint-Imoges,297,300,3
Sept-Saulx,579,600,21
Ablancourt,151,200,49
Vaudemange,298,300,2
Ormes,453,500,47
Blesme,198,200,2
Vienne-la-Ville,181,200,19
Saint-Loup,75,100,25
Saint-Gilles,273,300,27
Châlons-en-Champagne,45299,46100,801
Merfy,641,700,59
La Celle-sous-Chantemerle,164,200,36
La Chapelle-Felcourt,63,100,37
Merlaut,248,300,52
Trécon,83,100,17
Thil,292,300,8
Lagery,191,200,9
Courcy,1286,1300,14
Moslins,294,300,6
Romigny,198,200,2
Maffrécourt,59,100,41
Cherville,93,100,7
Saint-Martin-d'Ablois,1484,1500,16
Sarry,2031,2100,69
Mareuil-en-Brie,248,300,52
Mesneux,839,900,61
Orbais-l'Abbaye,575,600,25
Drosnay,181,200,19
Arcis-le-Ponsart,271,300,29
Conflans-sur-Seine,678,700,22
Sermaize-les-Bains,2104,2200,96
Baslieux-sous-Châtillon,187,200,13
Trigny,537,600,63
Minaucourt-le-Mesnil-lès-Hurlus,70,100,30
Cormontreuil,6082,6200,118
Dampierre-au-Temple,262,300,38
Mourmelon-le-Petit,751,800,49
Ville-en-Selve,275,300,25
Selles,359,400,41
Nesle-le-Repons,158,200,42
Saint-Gibrien,474,500,26
Tauxières-Mutry,278,300,22
Dizy,1621,1700,79
Dommartin-Lettrée,155,200,45
Rieux,177,200,23
Maurupt-le-Montois,572,600,28
Courmas,170,200,30
Bouchy-Saint-Genest,176,200,24
Essarts-lès-Sézanne,283,300,17
Saint-Remy-en-Bouzemont-Saint-Genest-et-Isson,573,600,27
Luxémont-et-Villotte,450,500,50
Prouilly,588,600,12
Saint-Souplet-sur-Py,149,200,51
Bassuet,265,300,35
Sainte-Menehould,4464,4600,136
Courjeonnet,56,100,44
Saint-Mard-sur-Auve,54,100,46
Saint-Hilaire-au-Temple,290,300,10
Givry-en-Argonne,457,500,43
Corrobert,185,200,15
Moncetz-Longevas,554,600,46
Isles-sur-Suippe,797,800,3
Saint-Martin-l'Heureux,74,100,26
Pierry,1174,1200,26
Valmy,287,300,13
Villers-aux-Bois,287,300,13
Corribert,56,100,44
Vanault-le-Châtel,181,200,19
Chapelaine,56,100,44
Anglure,848,900,52
Vouarces,63,100,37
Belval-sous-Châtillon,176,200,24
Boursault,461,500,39
Poilly,91,100,9
Villers-Marmery,555,600,45
Saint-Quentin-sur-Coole,62,100,38
Cramant,893,900,7
Binson-et-Orquigny,185,200,15
Fromentières,393,400,7
Possesse,188,200,12
Saint-Chéron,76,100,24
Écollemont,65,100,35
Vernancourt,75,100,25
Bethon,280,300,20
Vienne-le-Château,562,600,38
Passy-Grigny,380,400,20
Songy,273,300,27
Vitry-la-Ville,363,400,37
Dormans,2906,3000,94
Tinqueux,10300,10400,100
Coizard-Joches,84,100,16
Jâlons,576,600,24
Gaye,568,600,32
Vauciennes,294,300,6
Sivry-Ante,186,200,14
Champigneul-Champagne,286,300,14
Gourgançon,165,200,35
Bignicourt-sur-Marne,374,400,26
Villevenard,196,200,4
Venteuil,587,600,13
Villiers-aux-Corneilles,90,100,10
Saron-sur-Aube,292,300,8
Cheppes-la-Prairie,178,200,22
Courville,464,500,36
Favresse,186,200,14
Clesles,588,600,12
Saint-Utin,79,100,21
Aubilly,49,100,51
Escardes,85,100,15
Chaltrait,74,100,26
Pocancy,159,200,41
Connantre,1053,1100,47
Vadenay,275,300,25
Festigny,389,400,11
Marson,285,300,15
Crugny,594,600,6
Courtagnon,56,100,44
Sainte-Marie-à-Py,193,200,7
Couvrot,833,900,67
Corbeil,97,100,3
Pargny-sur-Saulx,1969,2000,31
Pogny,879,900,21
Le Fresne,70,100,30
Rouffy,98,100,2
Haussimont,155,200,45
Oyes,80,100,20
Grauves,673,700,27
Vavray-le-Grand,169,200,31
Coupetz,83,100,17
Baye,393,400,7
Vertus,2536,2700,164
Fleury-la-Rivière,496,500,4
Vésigneul-sur-Marne,271,300,29
Virginy,85,100,15
Givry-lès-Loisy,84,100,16
Éclaires,94,100,6
Saint-Germain-la-Ville,577,600,23
Marfaux,155,200,45
Le Buisson,86,100,14
Berzieux,72,100,28
La Neuville-aux-Bois,155,200,45
Châlons-sur-Vesle,160,200,40
Blacy,664,700,36
Oger,575,600,25
Magenta,1749,1800,51
Bussy-le-Château,164,200,36
La Neuville-aux-Larris,157,200,43
Soudé,162,200,38
Rilly-la-Montagne,1039,1100,61
Joiselle,82,100,18
Oiry,880,900,20
Ventelay,254,300,46
Brandonvillers,159,200,41
Bouvancourt,198,200,2
Cauroy-lès-Hermonville,474,500,26
Chichey,161,200,39
Chamery,389,400,11
Bagneux,492,500,8
Bergères-lès-Vertus,569,600,31
Courgivaux,283,300,17
Jonchery-sur-Vesle,1970,2000,30
Unchair,158,200,42
Baslieux-lès-Fismes,297,300,3
Glannes,167,200,33
Caurel,645,700,55
Reuves,63,100,37
Loisy-en-Brie,192,200,8
Jonquery,93,100,7
Nogent-l'Abbesse,575,600,25
Germigny,189,200,11
Laval-sur-Tourbe,56,100,44
Ay,4079,4100,21
Lhéry,79,100,21
Monthelon,371,400,29
Savigny-sur-Ardres,260,300,40
Chavot-Courcourt,378,400,22
La Neuville-au-Pont,571,600,29
Châtillon-sur-Broué,68,100,32
Flavigny,188,200,12
Verzy,1056,1100,44
Vraux,473,500,27
Prunay,968,1000,32
Verzenay,1061,1100,39
Euvy,77,100,23
Chaintrix-Bierges,288,300,12
Villers-aux-Nœuds,170,200,30
Le Baizil,267,300,33
Péas,68,100,32
La Croix-en-Champagne,71,100,29
Anthenay,76,100,24
Poix,80,100,20
Istres-et-Bury,93,100,7
Gueux,1745,1800,55
Contault,71,100,29
Mareuil-le-Port,1198,1300,102
Châtillon-sur-Morin,190,200,10
Le Thoult-Trosnay,90,100,10
Le Châtelier,56,100,44
Hourges,87,100,13
Courlandon,288,300,12
Grandes-Loges,273,300,27
Treslon,192,200,8
Chenay,268,300,32
Vauclerc,491,500,9
Bettancourt-la-Longue,87,100,13
Verdon,182,200,18
Pierre-Morains,95,100,5
Coupéville,187,200,13
Beaunay,95,100,5
Montmort-Lucy,589,600,11
Saint-Remy-sous-Broyes,99,100,1
Val-des-Marais,573,600,27
Vavray-le-Petit,66,100,34
Romery,179,200,21
Soulanges,481,500,19
Le Meix-Tiercelin,194,200,6
Broyes,373,400,27
Gigny-Bussy,242,300,58
Sompuis,266,300,34
Cernay-en-Dormois,148,200,52
Dommartin-Dampierre,73,100,27
Saint-Léonard,94,100,6
Hautvillers,775,800,25
Connantray-Vaurefroy,187,200,13
Rivières-Henruel,176,200,24
Champguyon,264,300,36
Jonchery-sur-Suippe,169,200,31
Belval-en-Argonne,50,100,50
Bouilly,169,200,31
Saudoy,367,400,33
Chouilly,999,1000,1
Saint-Hilaire-le-Petit,293,300,7
Bouleuse,173,200,27
Méry-Prémecy,62,100,38
Jouy-lès-Reims,198,200,2
Somsois,184,200,16
Lafauche,87,100,13
Pierremont-sur-Amance,168,200,32
Genevrières,146,200,54
Audeloncourt,95,100,5
Leschères-sur-le-Blaiseron,96,100,4
Aujeurres,77,100,23
Noidant-Chatenoy,90,100,10
Heuilley-le-Grand,197,200,3
Villeneuve,69,100,31
Palaiseul,60,100,40
Rivières-le-Bois,70,100,30
Robert-Magny-Laneuville-à-Rémy,249,300,51
Neuvelle-lès-Voisey,90,100,10
Lamothe-en-Blaisy,78,100,22
Manois,473,500,27
Ambonville,73,100,27
Vals-des-Tilles,165,200,35
Villars-en-Azois,75,100,25
Aulnoy-sur-Aube,56,100,44
Arbot,69,100,31
Donjeux,376,400,24
Courcelles-en-Montagne,88,100,12
Autigny-le-Grand,160,200,40
Rouécourt,58,100,42
Châteauvillain,1665,1700,35
Darmannes,262,300,38
Ozières,58,100,42
Neuville-au-Pont,179,200,21
Longchamp,74,100,26
Saint-Broingt-le-Bois,84,100,16
Bourbonne-les-Bains,2230,2300,70
Trémilly,88,100,12
Montsaugeon,65,100,35
Vaux-sur-Saint-Urbain,68,100,32
Vaux-sous-Aubigny,697,700,3
Joinville,3635,3800,165
Thilleux,87,100,13
Vivey,62,100,38
Brachay,60,100,40
Sarrey,383,400,17
Bouzancourt,65,100,35
Maizières,170,200,30
Is-en-Bassigny,585,600,15
Germainvilliers,99,100,1
Voillecomte,470,500,30
Melay,291,300,9
Mathons,60,100,40
Nijon,75,100,25
Giey-sur-Aujon,157,200,43
Chassigny,241,300,59
Wassy,2980,3000,20
Ormancey,81,100,19
Pansey,85,100,15
Roches-sur-Marne,580,600,20
Orbigny-au-Mont,155,200,45
Celles-en-Bassigny,73,100,27
Autigny-le-Petit,54,100,46
Condes,291,300,9
Perrancey-les-Vieux-Moulins,284,300,16
Violot,84,100,16
Mennouveaux,69,100,31
Noncourt-sur-le-Rongeant,170,200,30
Balesmes-sur-Marne,255,300,45
Saint-Thiébault,278,300,22
Fresnes-sur-Apance,165,200,35
Maranville,457,500,43
Gilley,71,100,29
Bize,84,100,16
Vraincourt,94,100,6
Oudincourt,163,200,37
Rouvroy-sur-Marne,366,400,34
Semilly,94,100,6
Vauxbons,60,100,40
Lachapelle-en-Blaisy,76,100,24
Changey,283,300,17
Nully,177,200,23
Doncourt-sur-Meuse,52,100,48
Vitry-lès-Nogent,184,200,16
Aillianville,164,200,36
Saint-Vallier-sur-Marne,181,200,19
Choilley-Dardenay,173,200,27
Riaucourt,456,500,44
Rangecourt,78,100,22
Brethenay,385,400,15
Bassoncourt,66,100,34
Thivet,278,300,22
Magneux,157,200,43
Serqueux,466,500,34
Malaincourt-sur-Meuse,58,100,42
Flammerécourt,67,100,33
Grenant,150,200,50
Mardor,67,100,33
Saulles,56,100,44
Arc-en-Barrois,769,800,31
Guindrecourt-aux-Ormes,84,100,16
Humberville,64,100,36
Mirbel,50,100,50
Coupray,172,200,28
Bologne,1877,1900,23
Nogent,3985,4000,15
Sommancourt,62,100,38
Hallignicourt,294,300,6
Belmont,50,100,50
Bayard-sur-Marne,1453,1500,47
Aubepierre-sur-Aube,188,200,12
Fays,79,100,21
Champigneulles-en-Bassigny,56,100,44
Perthes,558,600,42
Poiseul,75,100,25
Bourdons-sur-Rognon,274,300,26
Le Val-d'Esnoms,374,400,26
Louvemont,739,800,61
Dommarien,159,200,41
Parnoy-en-Bassigny,298,300,2
Saint-Loup-sur-Aujon,167,200,33
Saint-Martin-lès-Langres,95,100,5
Forcey,87,100,13
Voisines,90,100,10
Colombey-les-Deux-Églises,672,700,28
Bay-sur-Aube,53,100,47
Orquevaux,79,100,21
Cour-l'Évêque,182,200,18
Bettancourt-la-Ferrée,1794,1900,106
Chaumont,23011,24000,989
Maâtz,83,100,17
Montier-en-Der,2088,2100,12
Villars-Santenoge,97,100,3
Saint-Blin,396,400,4
Val-de-Meuse,1918,2200,282
Sommerécourt,81,100,19
Annéville-la-Prairie,68,100,32
Poulangy,385,400,15
Saint-Urbain-Maconcourt,648,700,52
Rennepont,165,200,35
Orbigny-au-Val,96,100,4
Lavernoy,87,100,13
Aprey,188,200,12
Autreville-sur-la-Renne,394,500,106
Daillancourt,80,100,20
Liffol-le-Petit,335,400,65
Dinteville,53,100,47
Verbiesles,291,300,9
Le Châtelet-sur-Meuse,155,200,45
Ternat,56,100,44
Richebourg,270,300,30
Levécourt,97,100,3
Luzy-sur-Marne,265,300,35
Bourg-Sainte-Marie,97,100,3
Charmes-la-Grande,163,200,37
Outremécourt,88,100,12
Humes-Jorquenay,578,600,22
Villiers-en-Lieu,1580,1600,20
Bannes,398,400,2
Gudmont-Villiers,353,400,47
Cohons,265,300,35
Rimaucourt,728,800,72
Dampierre,362,400,38
Domremy-Landéville,89,100,11
Valleret,50,100,50
Échenay,87,100,13
Domblain,95,100,5
Ville-en-Blaisois,172,200,28
Terre-Natale,300,400,100
Frampas,162,200,38
Effincourt,73,100,27
Leurville,93,100,7
Haute-Amance,990,1000,10
Montreuil-sur-Blaise,154,200,46
Saint-Ciergues,178,200,22
Moëslains,440,500,60
Velles,82,100,18
Chatenay-Vaudin,62,100,38
Chamarandes-Choignes,1054,1100,46
Nomécourt,97,100,3
Vicq,165,200,35
Praslay,68,100,32
Arbigny-sous-Varennes,80,100,20
Doulaincourt-Saucourt,943,1000,57
Langres,8082,8200,118
Poinsenot,53,100,47
Grandchamp,84,100,16
Chalindrey,2587,2700,113
Saint-Dizier,25526,26400,874
Cerisières,95,100,5
Noyers,72,100,28
Dommartin-le-Saint-Père,288,300,12
Vignes-la-Côte,51,100,49
Leuchey,75,100,25
Ninville,85,100,15
Osne-le-Val,277,300,23
Enfonvelle,78,100,22
Frécourt,96,100,4
Savigny,56,100,44
Brainville-sur-Meuse,82,100,18
Voisey,337,400,63
Illoud,255,300,45
Aubérive,196,200,4
Poinson-lès-Nogent,151,200,49
Blaisy,76,100,24
Maisoncelles,54,100,46
Fontaines-sur-Marne,159,200,41
Anrosey,153,200,47
Vignory,278,300,22
Montheries,72,100,28
Froncles,1597,1600,3
Clinchamp,95,100,5
Soyers,76,100,24
Briaucourt,195,200,5
Laneuvelle,64,100,36
Cirfontaines-en-Ornois,78,100,22
Saints-Geosmes,972,1000,28
Flagey,86,100,14
Heuilley-Cotton,277,300,23
Harréville-les-Chanteurs,279,300,21
Vesvres-sous-Chalancey,55,100,45
Goncourt,292,300,8
Laferté-sur-Aube,367,400,33
Colmier-le-Haut,68,100,32
Vaillant,71,100,29
Euffigneix,294,300,6
Culmont,570,600,30
Choiseul,95,100,5
Consigny,67,100,33
Poinson-lès-Grancey,60,100,40
Rochefort-sur-la-Côte,65,100,35
Montreuil-sur-Thonnance,68,100,32
Daillecourt,82,100,18
Farincourt,51,100,49
Marcillé-la-Ville,798,800,2
Launay-Villiers,395,400,5
Montigné-le-Brillant,1272,1300,28
Craon,4556,4600,44
Daon,484,500,16
La Pallu,180,200,20
Renazé,2671,2700,29
Fougerolles-du-Plessis,1352,1400,48
La Haie-Traversaine,491,500,9
Saint-Pierre-des-Landes,977,1000,23
Saint-Aubin-du-Désert,291,300,9
Senonnes,352,400,48
Saint-Germain-le-Guillaume,480,500,20
Landivy,1172,1200,28
Thubœuf,296,300,4
Izé,495,500,5
Méral,1089,1100,11
Marigné-Peuton,556,600,44
Saint-Jean-sur-Erve,479,500,21
Ampoigné,558,600,42
Saint-Poix,398,400,2
Soucé,187,200,13
Saint-Michel-de-la-Roë,249,300,51
Saint-Denis-de-Gastines,1687,1700,13
Saint-Ouën-des-Toits,1685,1700,15
Saint-Christophe-du-Luat,774,800,26
Pré-en-Pail,2032,2100,68
Denazé,157,200,43
Boulay-les-Ifs,161,200,39
Cuillé,967,1000,33
Villaines-la-Juhel,3072,3100,28
Sainte-Suzanne,975,1000,25
Saint-Michel-de-Feins,170,200,30
Colombiers-du-Plessis,449,500,51
Préaux,173,200,27
Couesmes-Vaucé,390,400,10
Saint-Laurent-des-Mortiers,194,200,6
Saint-Berthevin-la-Tannière,384,400,16
Fontaine-Couverte,391,400,9
Le Ribay,467,500,33
Saint-Erblon,166,200,34
Le Bignon-du-Maine,328,400,72
Saint-Julien-du-Terroux,271,300,29
Bouessay,766,800,34
Chérancé,168,200,32
Saint-Aignan-de-Couptrain,390,400,10
Bais,1275,1300,25
Loiron,1486,1500,14
Montenay,1387,1400,13
Ernée,5791,5800,9
Saint-Pierre-sur-Orthe,476,500,24
Javron-les-Chapelles,1452,1500,48
Madré,355,400,45
Chailland,1185,1200,15
Saint-Baudelle,1186,1200,14
Gastines,188,200,12
Ménil,961,1000,39
Villepail,195,200,5
Voutré,888,900,12
Gennes-sur-Glaize,984,1000,16
Saint-Aubin-Fosse-Louvain,232,300,68
Ambrières-les-Vallées,2787,2800,13
Champgenéteux,570,600,30
Couptrain,155,200,45
Thorigné-en-Charnie,189,200,11
Saint-Fort,1532,1600,68
Chevaigné-du-Maine,191,200,9
Mayenne,13299,13300,1
Moulay,993,1000,7
Châtres-la-Forêt,798,800,2
Carelles,283,300,17
Gorron,2772,2800,28
Lesbois,197,200,3
Bouchamps-lès-Craon,567,600,33
Saint-Léger,286,300,14
Neuilly-le-Vendin,386,400,14
Chémeré-le-Roi,453,500,47
Livré-la-Touche,760,800,40
Loigné-sur-Mayenne,879,900,21
Saint-Martin-du-Limet,491,500,9
Bierné,673,700,27
Pommerieux,688,700,12
Châtelain,488,500,12
Courcité,909,1000,91
Le Horps,768,800,32
Vaiges,1155,1200,45
Saint-Loup-du-Gast,361,400,39
Simplé,373,400,27
Pontmain,870,900,30
Andouillé,2261,2300,39
Neau,697,700,3
Saint-Georges-Buttavent,1394,1400,6
Jublains,682,700,18
Vautorte,584,600,16
Champéon,598,600,2
Saint-Aignan-sur-Roë,868,900,32
Saint-Calais-du-Désert,384,400,16
La Chapelle-Rainsouin,393,400,7
Bertrambois,357,400,43
Gerbéviller,1365,1400,35
Fillières,479,500,21
Haigneville,56,100,44
Jœuf,6829,6900,71
Piennes,2469,2500,31
Merviller,379,400,21
Ville-au-Val,177,200,23
Blamont,1143,1200,57
Uruffe,378,400,22
Deneuvre,534,600,66
Clérey-sur-Brenon,60,100,40
Gondrecourt-Aix,180,200,20
Xirocourt,454,500,46
Gémonville,79,100,21
Vannes-le-Châtel,573,600,27
Moncel-sur-Seille,486,500,14
Loromontzey,82,100,18
Francheville,290,300,10
Domèvre-en-Haye,446,500,54
Crézilles,256,300,44
Lebeuville,172,200,28
Thiébauménil,395,400,5
Domèvre-sur-Vezouze,291,300,9
Petitmont,364,400,36
Lay-Saint-Christophe,2541,2600,59
Forcelles-sous-Gugney,93,100,7
Germiny,197,200,3
Hamonville,98,100,2
Vaucourt,71,100,29
Juvrecourt,67,100,33
Velaine-en-Haye,1435,1500,65
Haudonville,88,100,12
Bezaumont,249,300,51
Herserange,4462,4500,38
Franconville,52,100,48
Flin,383,400,17
Vaudeville,189,200,11
Bazailles,163,200,37
Viéville-en-Haye,167,200,33
Thiaville-sur-Meurthe,479,500,21
Bernécourt,169,200,31
Landres,886,900,14
Erbéviller-sur-Amezule,89,100,11
Montreux,60,100,40
Pannes,185,200,15
Montauville,1167,1200,33
Tramont-Lassus,83,100,17
Val-et-Châtillon,656,700,44
Dommarie-Eulmont,78,100,22
Malzéville,8094,8200,106
Épiez-sur-Chiers,186,200,14
Boucq,384,400,16
Grosrouvres,53,100,47
Longlaville,2450,2500,50
Pulnoy,4486,4500,14
Pulney,67,100,33
Ancerviller,254,300,46
Diarville,499,500,1
Houdemont,2368,2400,32
Gézoncourt,173,200,27
Allain,476,500,24
Anderny,289,300,11
Burthecourt-aux-Chênes,92,100,8
Serres,256,300,44
Batilly,1276,1300,24
Méhoncourt,256,300,44
Tanconville,93,100,7
Dampvitoux,65,100,35
Varangéville,3953,4100,147
Jarville-la-Malgrange,9385,9400,15
Étreval,64,100,36
Boncourt,189,200,11
Gélaucourt,58,100,42
Doncourt-lès-Longuyon,290,300,10
Labry,1679,1700,21
Blénod-lès-Pont-à-Mousson,4374,4400,26
Baslieux,574,600,26
Frémonville,196,200,4
Laronxe,388,400,12
Saint-Martin,74,100,26
Dieulouard,4558,4600,42
Vaudémont,80,100,20
Réclonville,74,100,26
Mandres-aux-Quatre-Tours,183,200,17
Marbache,1776,1800,24
Lesménils,485,500,15
Domptail-en-l'Air,66,100,34
Borville,96,100,4
Hannonville-Suzémont,289,300,11
Foug,2767,2800,33
Drouville,171,200,29
Dommartin-sous-Amance,257,300,43
Selaincourt,192,200,8
Buissoncourt,269,300,31
Veney,57,100,43
Sexey-aux-Forges,658,700,42
Athienville,165,200,35
Martincourt,95,100,5
Valhey,167,200,33
Saulxures-lès-Vannes,354,400,46
Saulxures-lès-Nancy,3884,3900,16
Saint-Boingt,77,100,23
Villerupt,9421,9500,79
Laître-sous-Amance,363,400,37
Errouville,786,800,14
Halloville,64,100,36
Saint-Maurice-aux-Forges,88,100,12
Eulmont,997,1000,3
Rozelieures,183,200,17
Rembercourt-sur-Mad,186,200,14
Goviller,393,400,7
Vallois,148,200,52
Waville,444,500,56
Bainville-sur-Madon,1349,1400,51
Bathelémont,60,100,40
Frouard,6693,6700,7
Landécourt,94,100,6
Villey-Saint-Étienne,1077,1100,23
Bauzemont,158,200,42
Gogney,47,100,53
Beaumont,68,100,32
Praye,268,300,32
Vilcey-sur-Trey,150,200,50
Bouxières-sous-Froidmont,280,300,20
Charey,74,100,26
Prény,374,400,26
Cons-la-Grandville,579,600,21
Leintrey,161,200,39
Sivry,254,300,46
Cerville,586,600,14
Fontenoy-la-Joûte,289,300,11
Rogéville,171,200,29
Giriviller,75,100,25
Richardménil,2487,2500,13
Saint-Baussant,70,100,30
Xivry-Circourt,264,300,36
Jeandelaincourt,784,800,16
Seranville,99,100,1
Béchamps,84,100,16
Xeuilley,771,800,29
Boismont,470,500,30
Nancy,105421,106400,979
Lucey,580,600,20
Leyr,956,1000,44
Parux,80,100,20
Tramont-Saint-André,54,100,46
Ochey,475,500,25
Aingeray,544,600,56
Réchicourt-la-Petite,78,100,22
Petit-Failly,82,100,18
Fléville-devant-Nancy,2360,2400,40
Mattexey,69,100,31
Vigneulles,273,300,27
Moutiers,1748,1800,52
Noviant-aux-Prés,260,300,40
Crion,84,100,16
Chaudeney-sur-Moselle,684,700,16
Jaulny,263,300,37
Bertrichamps,1077,1100,23
Anoux,277,300,23
Friauville,390,400,10
Hoéville,178,200,22
Blainville-sur-l'Eau,4013,4100,87
Sainte-Geneviève,188,200,12
Belleville,1474,1500,26
Mont-le-Vignoble,391,400,9
Custines,2950,3000,50
Tellancourt,571,600,29
Tremblecourt,197,200,3
Saint-Supplet,167,200,33
Mignéville,176,200,24
Chaligny,3086,3100,14
Essey-la-Côte,88,100,12
Ferrières,287,300,13
Fey-en-Haye,74,100,26
Lorey,99,100,1
Baccarat,4656,4700,44
Bonviller,185,200,15
Bey-sur-Seille,158,200,42
Pierre-la-Treiche,535,600,65
Saulnes,2350,2400,50
Saint-Mard,98,100,2
Tiercelet,660,700,40
Flirey,180,200,20
Saulxerotte,84,100,16
Saint-Clément,857,900,43
Mairy-Mainville,574,600,26
Fontenoy-sur-Moselle,366,400,34
Bures,71,100,29
Murville,244,300,56
Doncourt-lès-Conflans,1199,1200,1
Cirey-sur-Vezouze,1733,1800,67
Ogéviller,299,300,1
Frôlois,683,700,17
Thuilley-aux-Groseilles,479,500,21
Vaxainville,86,100,14
Jevoncourt,80,100,20
Pettonville,59,100,41
Pompey,4993,5100,107
Atton,780,800,20
Emberménil,270,300,30
Saint-Firmin,279,300,21
Vitrimont,380,400,20
Ludres,6463,6700,237
Saint-Julien-lès-Gorze,162,200,38
Repaix,81,100,19
Montigny-sur-Chiers,477,500,23
Ansauville,86,100,14
Flavigny-sur-Moselle,1746,1800,54
Fléville-Lixières,280,300,20
Pont-Saint-Vincent,1968,2000,32
Jaillon,353,400,47
Saint-Marcel,139,200,61
Mailly-sur-Seille,258,300,42
Longuyon,5577,5700,123
Thélod,265,300,35
Bralleville,182,200,18
Colmey,293,300,7
Verdenal,152,200,48
Brémoncourt,157,200,43
Blémerey,61,100,39
Baroches,373,400,27
Bréhain-la-Ville,298,300,2
Saint-Rémy-aux-Bois,72,100,28
Parroy,162,200,38
Gugney,80,100,20
Virecourt,455,500,45
Bouzanville,67,100,33
Autrey,174,200,26
Gélacourt,161,200,39
Velaine-sous-Amance,278,300,22
Neuviller-lès-Badonviller,91,100,9
Germonville,98,100,2
Heillecourt,5774,5900,126
Housséville,180,200,20
Lenoncourt,592,600,8
Lunéville,19740,20100,360
Essey-et-Maizerais,391,400,9
Clayeures,194,200,6
Villacourt,470,500,30
Seichamps,4981,5100,119
Lagney,490,500,10
Vandœuvre-lès-Nancy,30974,31100,126
Auboué,2589,2700,111
Reillon,60,100,40
Jeandelize,379,400,21
Grimonviller,97,100,3
Charmois,157,200,43
Dolcourt,92,100,8
Autreville-sur-Moselle,267,300,33
Villette,198,200,2
Hammeville,168,200,32
Méréville,1390,1400,10
Brainville,160,200,40
Toul,15693,16100,407
Mouacourt,87,100,13
Courbesseaux,270,300,30
Villers-lès-Nancy,14341,14800,459
Thumeréville,98,100,2
Montenoy,396,400,4
Andilly,289,300,11
Villers-en-Haye,180,200,20
Mars-la-Tour,968,1000,32
Saxon-Sion,70,100,30
Sexey-les-Bois,366,400,34
Domprix,65,100,35
Abaucourt,298,300,2
Amenoncourt,90,100,10
Ville-au-Montois,267,300,33
Ozerailles,157,200,43
Villers-le-Rond,95,100,5
Avillers,94,100,6
Tucquegnieux,2575,2600,25
Pagny-sur-Moselle,4041,4100,59
Homécourt,6322,6400,78
Villers-la-Montagne,1449,1500,51
Viviers-sur-Chiers,668,700,32
Ville-en-Vermois,595,600,5
Gye,195,200,5
Lamath,184,200,16
Colombey-les-Belles,1378,1400,22
Valleroy,2453,2500,47
Pagney-derrière-Barine,571,600,29
Gellenoncourt,67,100,33
Audun-le-Roman,2467,2500,33
Laxou,14812,14900,88
Hénaménil,169,200,31
Bezange-la-Grande,169,200,31
Art-sur-Meurthe,1292,1300,8
Buriville,71,100,29
Rigny-Saint-Martin,58,100,42
Montfaucon-d'Argonne,362,400,38
Vassincourt,284,300,16
Dun-sur-Meuse,720,800,80
Vigneul-sous-Montmédy,99,100,1
Raival,269,300,31
Loupmont,86,100,14
Couvertpuis,88,100,12
Juvigny-sur-Loison,265,300,35
Chauvoncourt,483,500,17
Nançois-le-Grand,59,100,41
Rouvrois-sur-Meuse,184,200,16
Behonne,670,700,30
Buxières-sous-les-Côtes,276,300,24
Kœur-la-Grande,171,200,29
Houdelaincourt,361,400,39
Ville-devant-Chaumont,56,100,44
Amanty,45,100,55
Laneuville-au-Rupt,188,200,12
Beausite,280,300,20
Iré-le-Sec,160,200,40
Érize-la-Petite,68,100,32
Le Neufour,78,100,22
Rambucourt,190,200,10
Velaines,923,1000,77
Dieue-sur-Meuse,1398,1400,2
Rumont,97,100,3
Cléry-le-Petit,191,200,9
Samogneux,76,100,24
Chattancourt,168,200,32
Gondrecourt-le-Château,1198,1200,2
Badonvilliers-Gérauvilliers,140,200,60
Julvécourt,68,100,32
Baudignécourt,77,100,23
Vallée,96,100,4
Osches,51,100,49
Heudicourt-sous-les-Côtes,182,200,18
Buzy-Darmont,568,600,32
Ambly-sur-Meuse,248,300,52
Le Claon,54,100,46
Bonzée,364,400,36
Trémont-sur-Saulx,649,700,51
Remoiville,152,200,48
Naives-en-Blois,166,200,34
Sommelonne,493,500,7
Consenvoye,288,300,12
Rupt-sur-Othain,56,100,44
Ancerville,2770,2800,30
Chardogne,296,300,4
Ippécourt,97,100,3
Latour-en-Woëvre,74,100,26
Baudrémont,54,100,46
Louppy-le-Château,164,200,36
Cléry-le-Grand,78,100,22
Merles-sur-Loison,166,200,34
Loison,99,100,1
Nantois,93,100,7
Seuzey,88,100,12
Monthairons,381,400,19
Pretz-en-Argonne,66,100,34
Lachalade,61,100,39
Neuville-lès-Vaucouleurs,189,200,11
Vadelaincourt,66,100,34
Fains-Véel,2255,2300,45
Maucourt-sur-Orne,60,100,40
Amel-sur-l'Étang,175,200,25
Braquis,94,100,6
Verdun,18513,19300,787
Lanhères,65,100,35
Vouthon-Haut,72,100,28
Landrecourt-Lempire,193,200,7
Commercy,6340,6400,60
Septsarges,50,100,50
Maizey,180,200,20
Boinville-en-Woëvre,70,100,30
Tilly-sur-Meuse,275,300,25
Stenay,2779,2800,21
Lachaussée,263,300,37
Bure,91,100,9
Montigny-lès-Vaucouleurs,76,100,24
Horville-en-Ornois,65,100,35
Manheulles,153,200,47
Vaucouleurs,2054,2100,46
Méligny-le-Petit,74,100,26
Azannes-et-Soumazannes,159,200,41
Froidos,92,100,8
Doncourt-aux-Templiers,73,100,27
Romagne-sous-Montfaucon,191,200,9
Villotte-sur-Aire,178,200,22
Han-sur-Meuse,269,300,31
Futeau,162,200,38
Montplonne,164,200,36
Génicourt-sur-Meuse,275,300,25
Woël,173,200,27
Beney-en-Woëvre,155,200,45
Eix,248,300,52
Richecourt,66,100,34
Mauvages,271,300,29
Brauvilliers,172,200,28
Rupt-devant-Saint-Mihiel,52,100,48
Fontaines-Saint-Clair,51,100,49
Martincourt-sur-Meuse,65,100,35
Broussey-en-Blois,59,100,41
Pintheville,93,100,7
Marre,165,200,35
Villers-lès-Mangiennes,77,100,23
Liny-devant-Dun,190,200,10
Épinonville,77,100,23
Abainville,298,300,2
Lion-devant-Dun,173,200,27
Trésauvaux,86,100,14
Saint-Aubin-sur-Aire,171,200,29
Biencourt-sur-Orge,134,200,66
Rupt-aux-Nonains,363,400,37
Remennecourt,64,100,36
Ranzières,70,100,30
Saint-Germain-sur-Meuse,265,300,35
Montzéville,171,200,29
Void-Vacon,1668,1700,32
Mangiennes,396,400,4
Saint-Joire,245,300,55
Guerpont,253,300,47
Èvres,86,100,14
Lamorville,284,300,16
Rambluzin-et-Benoite-Vaux,87,100,13
Nubécourt,277,300,23
Avillers-Sainte-Croix,63,100,37
Breux,267,300,33
Haudainville,962,1000,38
Laheycourt,384,400,16
Béthelainville,191,200,9
Ancemont,599,600,1
Vaux-devant-Damloup,70,100,30
Pagny-sur-Meuse,992,1000,8
Vouthon-Bas,62,100,38
Chaillon,96,100,4
Érize-la-Brûlée,178,200,22
Érize-Saint-Dizier,197,200,3
Thonne-le-Thil,282,300,18
Montblainville,66,100,34
Parfondrupt,52,100,48
Saint-Pierrevillers,160,200,40
Baâlon,263,300,37
Halles-sous-les-Côtes,153,200,47
Tannois,397,400,3
Ménil-sur-Saulx,271,300,29
Foameix-Ornel,195,200,5
Varnéville,53,100,47
Beauclair,83,100,17
Bréhéville,182,200,18
Beaufort-en-Argonne,153,200,47
Foucaucourt-sur-Thabas,56,100,44
Nepvant,58,100,42
Tréveray,635,700,65
Bazincourt-sur-Saulx,151,200,49
Nant-le-Grand,63,100,37
Ugny-sur-Meuse,99,100,1
Cierges-sous-Montfaucon,58,100,42
Neuville-en-Verdunois,74,100,26
Sivry-la-Perche,256,300,44
Châtillon-sous-les-Côtes,164,200,36
Nettancourt,276,300,24
Sauvoy,62,100,38
Abaucourt-Hautecourt,99,100,1
Montsec,86,100,14
Mogeville,74,100,26
Duzey,49,100,51
Clermont-en-Argonne,1567,1600,33
Sepvigny,81,100,19
Bislée,61,100,39
Olizy-sur-Chiers,191,200,9
Herbeuville,180,200,20
Fromezey,53,100,47
Vittarville,87,100,13
Girauvoisin,75,100,25
Peuvillers,64,100,36
Malancourt,86,100,14
Charny-sur-Meuse,560,600,40
Combles-en-Barrois,863,900,37
Sivry-sur-Meuse,376,400,24
Saint-Hilaire-en-Woëvre,192,200,8
Erneville-aux-Bois,175,200,25
Lérouville,1487,1500,13
Moulins-Saint-Hubert,174,200,26
Jametz,263,300,37
Vavincourt,488,500,12
Xivray-et-Marvoisin,89,100,11
Tronville-en-Barrois,1568,1600,32
Ligny-en-Barrois,4307,4500,193
Bannoncourt,173,200,27
Brandeville,170,200,30
Montiers-sur-Saulx,450,500,50
Savonnières-devant-Bar,482,500,18
Billy-sous-Mangiennes,394,400,6
Lavincourt,75,100,25
Sauvigny,262,300,38
Nant-le-Petit,84,100,16
Loisey-Culey,453,500,47
Dieppe-sous-Douaumont,180,200,20
Savonnières-en-Perthois,460,500,40
Villers-sous-Pareid,64,100,36
Milly-sur-Bradon,173,200,27
Saint-Amand-sur-Ornain,69,100,31
Seigneulles,192,200,8
Éparges,75,100,25
Nantillois,63,100,37
Demange-aux-Eaux,545,600,55
Saint-Laurent-sur-Othain,496,500,4
Villotte-devant-Louppy,153,200,47
Vaudeville-le-Haut,69,100,31
Thierville-sur-Meuse,3071,3100,29
Aulnois-en-Perthois,490,500,10
Vadonville,255,300,45
Brillon-en-Barrois,596,600,4
Dompierre-aux-Bois,45,100,55
Gincrey,63,100,37
Nançois-sur-Ornain,388,400,12
Heippes,71,100,29
Fresnes-en-Woëvre,744,800,56
Lahaymeix,90,100,10
Silmont,185,200,15
Burey-la-Côte,83,100,17
Waly,62,100,38
Ronvaux,92,100,8
Lavoye,157,200,43
Paroches,396,400,4
Saint-Remy-la-Calonne,81,100,19
Dommartin-la-Montagne,67,100,33
Saint-André-en-Barrois,58,100,42
Ourches-sur-Meuse,195,200,5
Méligny-le-Grand,97,100,3
Dompcevrin,329,400,71
Thonne-la-Long,266,300,34
Véry,89,100,11
Broussey-Raulecourt,253,300,47
Saint-Mihiel,4620,4800,180
Revigny-sur-Ornain,3098,3200,102
Kœur-la-Petite,299,300,1
Neuville-sur-Ornain,354,400,46
Mognéville,389,400,11
Val-d'Ornain,988,1000,12
Dagonville,82,100,18
Villers-devant-Dun,60,100,40
Marchéville-en-Woëvre,79,100,21
Brixey-aux-Chanoines,79,100,21
Reffroy,66,100,34
Dainville-Bertheléville,157,200,43
Maulan,98,100,2
Brouennes,155,200,45
Chaumont-sur-Aire,162,200,38
Varennes-en-Argonne,661,700,39
Rigny-la-Salle,387,400,13
Chonville-Malaumont,168,200,32
Récourt-le-Creux,75,100,25
Chauvency-le-Château,270,300,30
Marville,561,600,39
Aincreville,85,100,15
Jouy-en-Argonne,55,100,45
Récicourt,168,200,32
Vaudoncourt,68,100,32
Neulliac,1485,1500,15
Île-d'Arz,247,300,53
Gestel,2594,2600,6
Auray,12322,12500,178
Quéven,8798,8800,2
La Gacilly,2222,2300,78
Theix,6736,6800,64
Carnac,4295,4400,105
Ploërdut,1234,1300,66
Pleugriffet,1192,1200,8
Lorient,57204,58100,896
Locmariaquer,1661,1700,39
Saint-Thuriau,1892,1900,8
Gourin,4084,4100,16
Billio,396,400,4
Lizio,682,700,18
Buléon,487,500,13
Saint-Malo-des-Trois-Fontaines,564,600,36
Port-Louis,2718,2900,182
Malestroit,2488,2500,12
Sauzon,897,900,3
Vannes,52515,53000,485
Le Saint,642,700,58
Guéhenno,794,800,6
Lanester,22219,22500,281
Saint-Caradec-Trégomel,480,500,20
Concoret,756,800,44
La Trinité-Porhoët,716,800,84
Pleucadeuc,1799,1800,1
Île-d'Houat,251,300,49
Kergrist,648,700,52
Arzon,2112,2200,88
Béganne,1387,1400,13
Ploemeur,17805,18200,395
Radenac,989,1000,11
Bono,2176,2200,24
Missiriac,1078,1100,22
Larmor-Plage,8334,8400,66
Saint-Malo-de-Beignon,484,600,116
Sainte-Hélène,1093,1100,7
Étel,2077,2100,23
Croixanvec,152,200,48
Josselin,2501,2600,99
Plouay,5284,5300,16
Lanouée,1690,1700,10
Inguiniel,2086,2100,14
Saint-Aignan,660,700,40
Sainte-Brigitte,166,200,34
Saint-Pierre-Quiberon,2158,2200,42
Gâvres,737,800,63
Néant-sur-Yvel,988,1000,12
Guer,6193,6200,7
Évriguet,179,200,21
Le Faouët,2866,2900,34
Brignac,187,200,13
Guern,1422,1500,78
Plescop,4696,4700,4
Saint-Martin-sur-Oust,1276,1300,24
Rochefort-en-Terre,660,700,40
Monterrein,387,400,13
Saint-Léry,181,200,19
Ménéac,1586,1700,114
Mohon,985,1000,15
Groix,2253,2300,47
Belz,3497,3500,3
Saint-Servant,778,800,22
Tréal,659,700,41
Crach,3283,3300,17
Silfiac,454,500,46
Remungol,959,1000,41
Juvelize,87,100,13
Aboncourt-sur-Seille,71,100,29
Ajoncourt,91,100,9
Guinzeling,76,100,24
Behren-lès-Forbach,8193,8500,307
Loutzviller,159,200,41
Bazoncourt,494,500,6
Ippling,785,800,15
Blies-Ébersing,596,600,4
Henridorff,658,700,42
Lidrezing,88,100,12
Maizières-lès-Vic,491,500,9
Beyren-lès-Sierck,482,500,18
Château-Salins,2422,2500,78
Fribourg,170,200,30
Volmunster,864,900,36
Guermange,92,100,8
Bourgaltroff,283,300,17
Barst,563,600,37
Manom,2642,2700,58
Saint-Quirin,783,800,17
Ibigny,97,100,3
Féy,596,600,4
Foulcrey,191,200,9
Beux,274,300,26
Mécleuves,1162,1200,38
Morhange,3772,3800,28
Oberdorff,361,400,39
Laumesfeld,252,300,48
Merschweiller,183,200,17
Yutz,16171,16200,29
Danne-et-Quatre-Vents,598,600,2
Montois-la-Montagne,2364,2400,36
Pettoncourt,291,300,9
Bellange,57,100,43
Nelling,289,300,11
Morsbach,2581,2600,19
Bisten-en-Lorraine,259,300,41
Rolbing,279,300,21
Pournoy-la-Chétive,657,700,43
Boulange,2290,2300,10
Donjeux,97,100,3
Hultehouse,353,400,47
Insviller,197,200,3
Lixheim,585,600,15
Moncheux,149,200,51
Saint-Louis,683,700,17
Petit-Réderching,1495,1500,5
Hanviller,248,300,52
Bébing,162,200,38
Waldhouse,391,400,9
Ranguevaux,774,800,26
Nitting,464,500,36
Budling,174,200,26
Alzing,445,500,55
Etting,760,800,40
Berling,291,300,9
Gavisse,592,600,8
Viller,191,200,9
Launstroff,258,300,42
Montbronn,1678,1700,22
Sarraltroff,767,800,33
Soucht,1178,1200,22
Romelfing,365,400,35
Pierrevillers,1495,1500,5
Le Ban-Saint-Martin,4252,4400,148
Veckersviller,275,300,25
Pournoy-la-Grasse,580,600,20
Elzange,779,800,21
Bouzonville,4132,4200,68
Ay-sur-Moselle,1540,1600,60
Charleville-sous-Bois,259,300,41
Uckange,6906,7300,394
Zarbeling,67,100,33
Jussy,485,500,15
Forbach,21510,21800,290
Montdidier,64,100,36
Villing,497,500,3
Le Val-de-Guéblange,863,900,37
Saulny,1492,1500,8
Rosselange,2897,3000,103
Rohrbach-lès-Bitche,2126,2200,74
Landange,248,300,52
Nousseviller-lès-Bitche,150,200,50
Momerstroff,288,300,12
Wœlfling-lès-Sarreguemines,691,700,9
Gondrexange,482,500,18
Vry,547,600,53
Vic-sur-Seille,1344,1400,56
Lesse,192,200,8
Pontpierre,774,800,26
Brouck,83,100,17
Orny,371,400,29
Kerbach,1188,1200,12
Illange,1979,2000,21
L'Hôpital,5434,5500,66
Burlioncourt,178,200,22
Alsting,2638,2700,62
Heining-lès-Bouzonville,489,500,11
Holacourt,68,100,32
Marthille,184,200,16
Jury,1129,1200,71
Kappelkinger,399,400,1
Plesnois,775,800,25
Fossieux,160,200,40
Pévange,52,100,48
Racrange,633,700,67
Vionville,175,200,25
Aube,260,300,40
Metz,120738,122800,2062
Chailly-lès-Ennery,348,400,52
Guébestroff,65,100,35
Diffembach-lès-Hellimer,375,400,25
Montoy-Flanville,1115,1200,85
Novéant-sur-Moselle,1961,2000,39
Pouilly,673,700,27
Sillegny,449,500,51
Vaxy,149,200,51
Puzieux,173,200,27
Conthil,179,200,21
Hombourg-Haut,7440,7900,460
Angevillers,1270,1300,30
Frauenberg,547,600,53
Veckring,680,700,20
Rhodes,93,100,7
Vergaville,566,600,34
Maizery,199,200,1
Jouy-aux-Arches,1561,1600,39
Harreberg,391,400,9
Hommert,356,400,44
Frémery,63,100,37
Vœlfling-lès-Bouzonville,181,200,19
Héming,499,500,1
Garde,188,200,12
Silly-sur-Nied,679,700,21
Chenois,63,100,37
Rémelfing,1448,1500,52
Avricourt,698,700,2
Petite-Rosselle,6593,6700,107
Tarquimpol,68,100,32
Riche,189,200,11
Failly,562,600,38
Altviller,565,600,35
Hangviller,281,300,19
Obervisse,158,200,42
Valmunster,93,100,7
Mondorff,575,600,25
Lommerange,285,300,15
Foville,93,100,7
Oudrenne,747,800,53
Nébing,371,400,29
Sarreinsming,1294,1300,6
Ogy,563,600,37
Frémestroff,295,300,5
Thionville,41015,41100,85
Teting-sur-Nied,1379,1400,21
Sarrebourg,12565,12900,335
Obreck,52,100,48
Moncourt,83,100,17
Guinglange,299,300,1
Languimberg,186,200,14
Tincry,181,200,19
Belles-Forêts,251,300,49
Solgne,1060,1100,40
Scy-Chazelles,2726,2800,74
Inglange,397,400,3
Guenviller,671,700,29
Réchicourt-le-Château,595,600,5
Niderhoff,297,300,3
Jallaucourt,162,200,38
Etzling,1136,1200,64
Coin-sur-Seille,294,300,6
Hottviller,595,600,5
Diesen,1092,1100,8
Moyenvic,371,400,29
Filstroff,869,900,31
Chicourt,87,100,13
Rustroff,546,600,54
Glatigny,280,300,20
Achain,83,100,17
Meisenthal,716,800,84
Terville,6445,6500,55
Menskirch,155,200,45
Dalem,660,700,40
Kemplich,158,200,42
Wuisse,62,100,38
Puttelange-aux-Lacs,3147,3200,53
Flévy,570,600,30
Mégange,182,200,18
Hundling,1358,1400,42
Moyeuvre-Grande,7939,8100,161
Bannay,83,100,17
Château-Bréhain,76,100,24
Carling,3655,3700,45
Laneuveville-lès-Lorquin,97,100,3
Dieuze,3780,3800,20
Betting,881,900,19
Folkling,1358,1400,42
Mittelbronn,665,700,35
Philippsbourg,596,600,4
Vittoncourt,393,400,7
Destry,90,100,10
Laning,550,600,50
Helstroff,472,500,28
Kirschnaumen,469,500,31
Roupeldange,378,400,22
Bourdonnay,260,300,40
Chieulles,386,400,14
Malroy,386,400,14
Salonnes,173,200,27
Mouterhouse,289,300,11
Bitche,5319,5500,181
Augny,2233,2300,67
Richeling,356,400,44
Laneuveville-en-Saulnois,274,300,26
Lemoncourt,74,100,26
Many,261,300,39
Reyersviller,371,400,29
Lostroff,72,100,28
Dornot,196,200,4
Domnom-lès-Dieuze,96,100,4
Longeville-lès-Saint-Avold,3794,3800,6
Bionville-sur-Nied,375,400,25
Guerting,879,900,21
Rosbruck,764,800,36
Laudrefang,364,400,36
Varsberg,952,1000,48
Albestroff,642,700,58
Schorbach,576,600,24
Ottange,2696,2700,4
Zilling,270,300,30
Puttigny,75,100,25
Baudrecourt,184,200,16
Dolving,377,400,23
Rombas,9937,10100,163
Coume,684,700,16
Farébersviller,5741,5900,159
Vahl-lès-Faulquemont,245,300,55
Saint-Avold,16273,16600,327
Villers-sur-Nied,84,100,16
Bickenholtz,75,100,25
Monneren,391,400,9
Marsal,260,300,40
Cuvry,753,800,47
Rorbach-lès-Dieuze,58,100,42
Vatimont,332,400,68
Kédange-sur-Canner,1085,1100,15
Voimhaut,266,300,34
Breidenbach,346,400,54
Nilvange,4839,4900,61
Virming,265,300,35
Ham-sous-Varsberg,2778,2800,22
Bining,1194,1200,6
Saint-Epvre,164,200,36
Plappeville,2135,2200,65
Servigny-lès-Raville,360,400,40
Ancerville,268,300,32
Bezange-la-Petite,92,100,8
Hettange-Grande,7489,7500,11
Sarreguemines,21540,22000,460
Dannelbourg,489,500,11
Vernéville,581,600,19
Fraquelfing,86,100,14
Vilsberg,365,400,35
Aboncourt,387,400,13
Breistroff-la-Grande,591,600,9
Hertzing,190,200,10
Landroff,288,300,12
Fresnes-en-Saulnois,184,200,16
Mainvillers,268,300,32
Goetzenbruck,1699,1700,1
Sarralbe,4547,4600,53
Richemont,1894,1900,6
Elvange,368,400,32
Haboudange,271,300,29
Leyviller,461,500,39
Epping,578,600,22
Grundviller,666,700,34
Sturzelbronn,187,200,13
Créhange,3999,4000,1
Kalhausen,853,900,47
Herny,469,500,31
Xocourt,79,100,21
Lindre-Haute,57,100,43
Freistroff,1083,1100,17
Torcheville,134,200,66
Craincourt,266,300,34
Semécourt,872,900,28
Réding,2470,2500,30
Pommerieux,698,700,2
Chérisey,272,300,28
Guntzviller,385,400,15
Guéblange-lès-Dieuze,180,200,20
Vannecourt,88,100,12
Fixem,382,400,18
Oriocourt,61,100,39
Volmerange-les-Mines,1987,2000,13
Trémery,1087,1100,13
Lemud,299,300,1
Knutange,3304,3400,96
Anzeling,497,500,3
Volmerange-lès-Boulay,573,600,27
Imling,688,700,12
Boucheporn,544,600,56
Kirsch-lès-Sierck,297,300,3
Montigny-lès-Metz,22540,22800,260
Guinkirchen,184,200,16
Folschviller,4217,4300,83
Vaux,865,900,35
Halstroff,286,300,14
Lachambre,793,800,7
Contz-les-Bains,485,500,15
Falck,2559,2600,41
Saint-Julien-lès-Metz,2991,3000,9
Haspelschiedt,277,300,23
Hoste,651,700,49
Vahl-Ebersing,547,600,53
Thimonville,161,200,39
Vaudreching,574,600,26
Saint-Saulge,854,900,46
La Celle-sur-Nièvre,169,200,31
Mont-et-Marré,186,200,14
Ciez,376,400,24
Larochemillay,287,300,13
La Nocle-Maulaix,297,300,3
Balleray,197,200,3
Marcy,164,200,36
Montaron,166,200,34
Suilly-la-Tour,588,600,12
Saint-Parize-en-Viry,171,200,29
Saint-Agnan,159,200,41
Vielmanay,189,200,11
La Collancelle,176,200,24
Lormes,1380,1400,20
Anlezy,284,300,16
Frasnay-Reugny,74,100,26
Gouloux,195,200,5
Challement,61,100,39
Saint-Benin-des-Bois,187,200,13
Saint-Martin-du-Puy,289,300,11
Sainte-Marie,95,100,5
Dompierre-sur-Nièvre,181,200,19
Saint-Maurice,58,100,42
Tamnay-en-Bazois,182,200,18
Tronsanges,370,400,30
Fours,762,800,38
Cuncy-lès-Varzy,146,200,54
Saint-Martin-d'Heuille,595,600,5
Saint-Martin-sur-Nohain,395,400,5
Pougny,483,500,17
Imphy,3739,3800,61
Lucenay-lès-Aix,1042,1100,58
Thianges,176,200,24
Château-Chinon (Ville),2129,2200,71
Saint-André-en-Morvan,295,300,5
Mars-sur-Allier,283,300,17
Mouron-sur-Yonne,99,100,1
Perroy,199,200,1
Tazilly,250,300,50
Bouhy,452,500,48
Saint-Léger-des-Vignes,2034,2100,66
Chalaux,73,100,27
Neuville-lès-Decize,274,300,26
Blismes,166,200,34
Rémilly,168,200,32
Chevannes-Changy,147,200,53
Cercy-la-Tour,1952,2000,48
Anthien,172,200,28
Cervon,596,600,4
Sardy-lès-Épiry,145,200,55
Parigny-les-Vaux,972,1000,28
Thaix,64,100,36
Billy-Chevannes,358,400,42
Tresnay,182,200,18
Mhère,252,300,48
Livry,689,700,11
Alligny-Cosne,876,900,24
Chantenay-Saint-Imbert,1281,1300,19
Arzembouy,76,100,24
Dompierre-sur-Héry,77,100,23
Dommartin,182,200,18
Saint-Péreuse,281,300,19
Lavault-de-Frétoy,73,100,27
Avrée,95,100,5
Decize,5777,5800,23
Bazolles,289,300,11
Chougny,86,100,14
Saint-Parize-le-Châtel,1280,1300,20
Saint-Brisson,279,300,21
Saint-Germain-Chassenay,355,400,45
Poil,155,200,45
Châtillon-en-Bazois,964,1000,36
Clamecy,4248,4300,52
Gâcogne,274,300,26
Taconnay,70,100,30
Saint-Amand-en-Puisaye,1297,1300,3
Champallement,52,100,48
Jailly,68,100,32
Montapas,288,300,12
Alligny-en-Morvan,659,700,41
Saint-Léger-de-Fougeret,285,300,15
Béard,162,200,38
Cosne-Cours-sur-Loire,10653,11100,447
Dampierre-sous-Bouhy,487,500,13
Empury,93,100,7
Cossaye,779,800,21
Myennes,583,600,17
Saint-Aubin-des-Chaumes,79,100,21
Metz-le-Comte,179,200,21
Montigny-sur-Canne,166,200,34
Magny-Lormes,73,100,27
Châteauneuf-Val-de-Bargis,586,600,14
Sichamps,176,200,24
Brèves,296,300,4
Ouagne,164,200,36
Dornecy,547,600,53
Oulon,75,100,25
Onlay,160,200,40
Vignol,76,100,24
Menou,182,200,18
Limanton,245,300,55
Tracy-sur-Loire,960,1000,40
Sermoise-sur-Loire,1635,1700,65
Aunay-en-Bazois,272,300,28
Héry,65,100,35
Asnois,157,200,43
Murlin,97,100,3
Nolay,368,400,32
Montreuillon,295,300,5
Planchez,356,400,44
La Marche,578,600,22
Saint-Vérain,346,400,54
Saint-Sulpice,453,500,47
Bazoches,161,200,39
Devay,488,500,12
Arthel,94,100,6
La Fermeté,684,700,16
Luthenay-Uxeloup,597,600,3
Montigny-aux-Amognes,543,600,57
Monceaux-le-Comte,159,200,41
Pouques-Lormes,163,200,37
Corvol-l'Orgueilleux,750,800,50
Brinay,161,200,39
Saint-Révérien,196,200,4
Talon,48,100,52
Pouilly-sur-Loire,1732,1800,68
La Charité-sur-Loire,5129,5300,171
Saint-Firmin,156,200,44
Saint-Benin-d'Azy,1287,1300,13
Nevers,36762,37600,838
Chaumot,175,200,25
Chazeuil,59,100,41
Ouroux-en-Morvan,654,700,46
Bulcy,146,200,54
Michaugues,63,100,37
Ville-Langy,291,300,9
Dun-les-Places,354,400,46
Pougues-les-Eaux,2459,2500,41
Limon,166,200,34
Saint-Franchy,73,100,27
Cizely,61,100,39
Moulins-Engilbert,1607,1700,93
Saint-Jean-aux-Amognes,474,500,26
Gimouille,471,500,29
Tintury,197,200,3
Corbigny,1604,1700,96
Fourchambault,4635,4700,65
Lamenay-sur-Loire,63,100,37
Armes,288,300,12
Breugnon,171,200,29
Sémelay,264,300,36
Raveau,684,700,16
Langeron,397,400,3
Bergues,3886,3900,14
Prouvy,2290,2400,110
Wallon-Cappel,889,900,11
Arnèke,1583,1600,17
Cerfontaine,586,600,14
Ramillies,588,600,12
Éclaibes,280,300,20
Waziers,7615,7700,85
Flaumont-Waudrechies,371,400,29
Eswars,354,400,46
Landrecies,3581,3600,19
Watten,2608,2700,92
Eppe-Sauvage,268,300,32
Roubaix,94713,95900,1187
Wattrelos,41541,41800,259
Larouillies,271,300,29
Wervicq-Sud,4696,4700,4
Trith-Saint-Léger,6446,6500,54
Bauvin,5265,5300,35
Fourmies,12687,13000,313
La Groise,469,500,31
Montigny-en-Cambrésis,585,600,15
Bellaing,1194,1200,6
Ruesnes,440,500,60
Lourches,3908,4000,92
Frelinghien,2483,2500,17
Marquette-lez-Lille,9797,9800,3
Artres,1034,1100,66
Maretz,1487,1500,13
Zuytpeene,557,600,43
Avesnes-les-Aubert,3672,3700,28
Aibes,361,400,39
Wulverdinghe,287,300,13
Wattignies-la-Victoire,258,300,42
Beaurieux,168,200,32
Haveluy,3088,3200,112
Audignies,297,300,3
Wargnies-le-Grand,1067,1100,33
Thiennes,796,800,4
Quiévelon,154,200,46
Mons-en-Barœul,21887,22100,213
Auberchicourt,4573,4600,27
Walincourt-Selvigny,2087,2100,13
Courchelettes,2712,2800,88
Roeulx,3686,3700,14
Jolimetz,890,900,10
Sin-le-Noble,16257,16500,243
Obrechies,259,300,41
Monchecourt,2575,2600,25
Beaumont-en-Cambrésis,466,500,34
Louvignies-Quesnoy,955,1000,45
Leffrinckoucke,4482,4500,18
Haulchin,2371,2400,29
Aubencheul-au-Bac,465,500,35
Haut-Lieu,389,400,11
Catillon-sur-Sambre,837,900,63
Fressain,873,900,27
Warlaing,566,600,34
Socx,964,1000,36
Millonfosse,664,700,36
Fresnes-sur-Escaut,7676,7700,24
Maresches,895,900,5
Carnin,989,1000,11
Rues-des-Vignes,697,700,3
Proville,3350,3400,50
Le Cateau-Cambrésis,7039,7100,61
Mons-en-Pévèle,2139,2200,61
Gœulzin,1057,1100,43
Fromelles,861,900,39
Bérelles,165,200,35
Noyelles-sur-Escaut,766,800,34
Roost-Warendin,6193,6200,7
Bousies,1699,1700,1
Odomez,898,900,2
Morbecque,2658,2700,42
Rieulay,1382,1400,18
Noyelles-sur-Selle,768,800,32
Neuville-sur-Escaut,2560,2600,40
Beaufort,961,1000,39
Eecke,1166,1200,34
Mouchin,1368,1400,32
Rumegies,1580,1600,20
Péronne-en-Mélantois,871,900,29
Warhem,2064,2100,36
Sassegnies,270,300,30
Wormhout,5229,5300,71
Ennevelin,2157,2200,43
Saint-Aybert,358,400,42
Colleret,1679,1700,21
Saint-Saulve,10983,11200,217
Wargnies-le-Petit,788,800,12
Holque,935,1000,65
Loffre,755,800,45
Lezennes,3064,3100,36
Le Favril,481,500,19
Landas,2377,2400,23
Avesnelles,2505,2600,95
Limont-Fontaine,575,600,25
Wasnes-au-Bac,573,600,27
Méteren,2146,2200,54
Bévillers,555,600,45
Tilloy-lez-Cambrai,589,600,11
Tourmignies,687,700,13
Wignehies,3099,3100,1
Ohain,1292,1300,8
Saint-Vaast-en-Cambrésis,887,900,13
Pradelles,365,400,35
Borre,573,600,27
Hazebrouck,21598,21700,102
Potelle,361,400,39
Cantin,1450,1500,50
Esnes,660,700,40
Émerchicourt,884,900,16
Salomé,2981,3000,19
Cousolre,2395,2500,105
Saint-Remy-du-Nord,1193,1200,7
Nieurlet,980,1000,20
Vieux-Condé,10494,10800,306
Forest-sur-Marque,1446,1500,54
Lesquin,6394,6400,6
Allennes-les-Marais,3337,3400,63
Hautmont,14239,14700,461
Raillencourt-Sainte-Olle,2358,2400,42
Staple,681,700,19
Aulnoye-Aymeries,8642,8800,158
Noyelles-lès-Seclin,879,900,21
Robersart,186,200,14
Saint-Remy-Chaussée,492,500,8
Baives,157,200,43
Bazuel,566,600,34
Raimbeaucourt,4126,4200,74
Wahagnies,2588,2600,12
Ribécourt-la-Tour,373,400,27
Lécluse,1442,1500,58
La Longueville,2181,2200,19
Beaucamps-Ligny,889,900,11
Englos,563,600,37
Hallennes-lez-Haubourdin,3997,4000,3
Mairieux,774,800,26
Maubeuge,31046,32400,1354
Faumont,2096,2100,4
Curgies,1091,1100,9
Lieu-Saint-Amand,1260,1300,40
Zegerscappel,1464,1500,36
Tourcoing,91923,92600,677
Montay,350,400,50
Nomain,2464,2500,36
Bry,376,400,24
Pont-sur-Sambre,2586,2600,14
Sailly-lez-Cambrai,450,500,50
Bray-Dunes,4666,4700,34
Bersillies,264,300,36
Jeumont,9772,9900,128
Moustier-en-Fagne,61,100,39
Noordpeene,788,800,12
Cassel,2287,2300,13
Coudekerque-Branche,22474,22800,326
Caullery,466,500,34
Annœullin,9663,9800,137
Willies,166,200,34
Estrées,967,1000,33
Hardifort,382,400,18
Crèvecur-sur-l'Escaut,678,700,22
Zermezeele,194,200,6
Nivelle,1283,1300,17
Fenain,5355,5400,45
Flesquières,276,300,24
Preux-au-Sart,289,300,11
Estourmel,453,500,47
Ors,653,700,47
Hestrud,291,300,9
Sailly-lez-Lannoy,1776,1800,24
Croix,20676,20800,124
Anzin,13412,13900,488
Millam,783,800,17
Drincham,259,300,41
Lompret,2335,2400,65
Comines,12372,12400,28
Marly,11871,11900,29
Cappelle-Brouck,1148,1200,52
Boeschepe,2197,2200,3
Ronchin,18120,18300,180
Raucourt-au-Bois,176,200,24
Brouckerque,1281,1300,19
Dunkerque,92005,93600,1595
Clairfayts,368,400,32
Cauroir,572,600,28
Bantigny,470,500,30
Vendegies-au-Bois,493,500,7
Hordain,1472,1500,28
Roucourt,394,400,6
Wallers-en-Fagne,299,300,1
Quarouble,3091,3200,109
Fontaine-au-Pire,1192,1200,8
Paillencourt,991,1000,9
Mœuvres,447,500,53
Étrœungt,1390,1400,10
Saint-Amand-les-Eaux,16697,16700,3
Douai,42197,42400,203
Doignies,296,300,4
Orchies,8178,8300,122
Lynde,691,700,9
Ledringhem,673,700,27
Wallers,5577,5600,23
Grand-Fort-Philippe,5434,5500,66
Monchaux-sur-Écaillon,551,600,49
Nieppe,7587,7700,113
Château-l'Abbaye,868,900,32
Phalempin,4457,4500,43
Ghissignies,483,500,17
Blécourt,360,400,40
Maulde,957,1000,43
Saint-Aubin,374,400,26
Préseau,1870,1900,30
Berlaimont,3193,3200,7
Taisnières-en-Thiérache,466,500,34
Vertain,467,500,33
Vieux-Mesnil,577,600,23
Neuville-en-Avesnois,291,300,9
Merckeghem,574,600,26
Sepmeries,587,600,13
Saint-Python,991,1000,9
Anhiers,968,1000,32
Zuydcoote,1669,1700,31
Marcoing,1830,1900,70
Quérénaing,945,1000,55
Boussois,3259,3300,41
Saint-Souplet,1290,1300,10
Sequedin,4385,4400,15
Écaillon,2002,2100,98
Haverskerque,1472,1500,28
Montigny-en-Ostrevent,4872,4900,28
Estaires,5992,6000,8
Neuf-Mesnil,1254,1300,46
Jenlain,1054,1100,46
Lambres-lez-Douai,5092,5200,108
Gognies-Chaussée,789,800,11
Villers-Outréaux,2182,2200,18
Coudekerque-Village,1167,1200,33
Lederzeele,592,600,8
Capelle,161,200,39
Hem,17369,17700,331
Cattenières,676,700,24
Aulnoy-lez-Valenciennes,7280,7300,20
Raismes,12754,13200,446
Cuincy,6626,6700,74
Haubourdin,14455,14500,45
Petit-Fayt,295,300,5
Grande-Synthe,20991,21000,9
Téteghem,7072,7200,128
Killem,964,1000,36
Haynecourt,594,600,6
Rouvignies,659,700,41
Masny,4361,4500,139
Bouchain,4053,4100,47
Lecelles,2653,2700,47
Prisches,996,1000,4
Wemaers-Cappel,250,300,50
Wambrechies,9745,9800,55
Craywick,597,600,3
West-Cappel,586,600,14
Rosult,1863,1900,37
Avesnes-le-Sec,1358,1400,42
Le Quesnoy,4994,5000,6
Honnecourt-sur-Escaut,743,800,57
Lewarde,2739,2800,61
Beaudignies,571,600,29
Saint-Hilaire-sur-Helpe,780,800,20
Steenwerck,3471,3500,29
Rumilly-en-Cambrésis,1449,1500,51
Saint-Benin,355,400,45
Templemars,3158,3300,142
Linselles,8257,8300,43
Houplin-Ancoisne,3431,3500,69
Auby,7535,7600,65
Wavrechain-sous-Denain,1638,1700,62
Sars-Poteries,1473,1500,27
Esquelbecq,2145,2200,55
Vred,1348,1400,52
Looberghe,1180,1200,20
Reumont,379,400,21
Bettignies,262,300,38
Villers-Sire-Nicole,995,1000,5
Bellignies,894,900,6
La Neuville,680,700,20
Hargnies,583,600,17
Avesnes-sur-Helpe,4976,5000,24
Bachant,2398,2400,2
Wavrin,7641,7700,59
Niergnies,497,500,3
Beaurepaire-sur-Sambre,255,300,45
Beuvrages,6652,6900,248
Marbaix,472,500,28
Choisies,67,100,33
Eringhem,470,500,30
Berneuil-en-Bray,789,800,11
Biermont,170,200,30
Beaumont-les-Nonains,361,400,39
Fresnoy-en-Thelle,943,1000,57
Thourotte,4736,4800,64
Béthancourt-en-Valois,243,300,57
Hénonville,795,800,5
La Neuville-Garnier,267,300,33
Velennes,246,300,54
Le Gallet,163,200,37
Lihus,375,400,25
Troussures,189,200,11
Beaulieu-les-Fontaines,590,600,10
Moyvillers,592,600,8
Sains-Morainvillers,273,300,27
La Hérelle,189,200,11
Bouillancy,379,400,21
Le Plessier-sur-Saint-Just,483,500,17
Abbécourt,775,800,25
Varesnes,393,400,7
Berlière,178,200,22
Ville,779,800,21
Le Vauroux,461,500,39
Blargies,499,500,1
Wambez,150,200,50
Ponchon,1095,1100,5
Épineuse,269,300,31
Neuilly-sous-Clermont,1661,1700,39
Blaincourt-lès-Précy,1195,1200,5
Le Plessis-Brion,1446,1500,54
Abancourt,646,700,54
Mureaumont,149,200,51
Trosly-Breuil,2093,2100,7
Bailleval,1476,1500,24
Gerberoy,89,100,11
Bosse,457,500,43
Rouville,288,300,12
Bailleul-sur-Thérain,2097,2100,3
Roberval,384,400,16
Éméville,292,300,8
Villeneuve-les-Sablons,1281,1300,19
Compiègne,40517,41600,1083
Villers-Vicomte,152,200,48
Saint-Jean-aux-Bois,285,300,15
Évricourt,194,200,6
Quincampoix-Fleuzy,398,400,2
Avricourt,264,300,36
Canly,784,800,16
Boutencourt,246,300,54
Pontoise-lès-Noyon,479,500,21
Séry-Magneval,298,300,2
Chèvreville,461,500,39
Hardivillers,584,600,16
La Houssoye,574,600,26
Courcelles-Epayelles,193,200,7
Courtieux,192,200,8
Formerie,2099,2100,1
Éragny-sur-Epte,593,600,7
Muirancourt,554,600,46
Ognes,264,300,36
Braisnes,168,200,32
Lachapelle-Saint-Pierre,876,900,24
Orrouy,584,600,16
Frocourt,558,600,42
Viefvillers,173,200,27
Saint-Pierre-es-Champs,679,700,21
Loueuse,148,200,52
Rieux,1596,1600,4
Pouilly,163,200,37
Campremy,389,400,11
Laboissière-en-Thelle,1266,1300,34
Nogent-sur-Oise,18833,19600,767
Étavigny,163,200,37
Bornel,3588,3600,12
Auteuil,591,600,9
Vignemont,397,400,3
Beaurains-lès-Noyon,287,300,13
Saint-Martin-le-Nœud,1055,1100,45
Mareuil-sur-Ourcq,1588,1600,12
Conteville,81,100,19
Mouy,5282,5400,118
Versigny,395,400,5
Noirémont,177,200,23
Cuts,946,1000,54
Grandvilliers,3034,3100,66
Mouchy-le-Châtel,79,100,21
Saint-Sauveur,1562,1600,38
Montjavoult,482,500,18
Chepoix,386,400,14
Erquinvillers,166,200,34
Réez-Fosse-Martin,163,200,37
Maysel,244,300,56
Lormaison,1290,1300,10
Saint-Valery,61,100,39
Grandrû,295,300,5
Lhéraule,185,200,15
Luchy,570,600,30
Ernemont-Boutavent,191,200,9
Fresne-Léguillon,470,500,30
Juvignies,290,300,10
Mortemer,197,200,3
Le Quesnel-Aubry,173,200,27
Bienville,454,500,46
Thury-en-Valois,474,500,26
Bailleul-le-Soc,660,700,40
Cuise-la-Motte,2172,2200,28
Mélicocq,670,700,30
Villeneuve-sur-Verberie,684,700,16
Balagny-sur-Thérain,1383,1400,17
Bouconvillers,369,400,31
Belle-Église,585,600,15
Vineuil-Saint-Firmin,1425,1500,75
Saint-Martin-aux-Bois,291,300,9
Rouvres-en-Multien,482,500,18
La Rue-Saint-Pierre,769,800,31
Goincourt,1236,1300,64
Lafraye,348,400,52
Angicourt,1588,1600,12
Saint-Quentin-des-Prés,291,300,9
Fouquerolles,270,300,30
Saint-Just-en-Chaussée,5496,5500,4
Auneuil,2797,2800,3
La Villeneuve-sous-Thury,172,200,28
Senlis,16170,16300,130
La Neuville-Vault,177,200,23
Verderel-lès-Sauqueuse,740,800,60
Fontaine-Bonneleau,259,300,41
Ansacq,272,300,28
Villers-Saint-Frambourg,589,600,11
Houdancourt,584,600,16
Silly-Tillard,484,500,16
Saint-Crépin-aux-Bois,253,300,47
Sacy-le-Grand,1363,1400,37
Mortefontaine,870,900,30
La Neuville-en-Hez,972,1000,28
Anserville,450,500,50
Bretigny,380,400,20
Sacy-le-Petit,539,600,61
Oursel-Maison,261,300,39
Prévillers,181,200,19
Lachelle,582,600,18
Ferrières,486,500,14
Villers-Saint-Barthélemy,479,500,21
Ivry-le-Temple,651,700,49
Coye-la-Forêt,3749,3800,51
La Neuville-Roy,969,1000,31
La Neuville-Saint-Pierre,167,200,33
Noyon,13478,13800,322
Fouquenies,437,500,63
Saint-Martin-Longueau,1481,1500,19
Golancourt,383,400,17
Noroy,194,200,6
Le Mont-Saint-Adrien,580,600,20
Nampcel,298,300,2
Le Déluge,494,500,6
Baron,784,800,16
Bury,2971,3000,29
Saint-Paul,1579,1600,21
Monceaux,753,800,47
La Neuville-d'Aumont,289,300,11
Ons-en-Bray,1295,1300,5
Rouvillers,262,300,38
Russy-Bémont,183,200,17
Cinqueux,1523,1600,77
Néry,698,700,2
Ognolles,289,300,11
Le Meux,1992,2000,8
Rocquencourt,189,200,11
Creil,33601,34600,999
Avilly-Saint-Léonard,983,1000,17
Candor,270,300,30
Boutavent,80,100,20
Beaudéduit,189,200,11
Pierrefonds,1930,2000,70
Bitry,294,300,6
Acy-en-Multien,782,800,18
Aumont-en-Halatte,537,600,63
Gouvieux,9434,9500,66
Guiscard,1878,1900,22
Marolles,665,700,35
Pont-Sainte-Maxence,11775,11900,125
Lalande-en-Son,681,700,19
Villeselve,378,400,22
Trumilly,568,600,32
Vaudancourt,172,200,28
Bulles,883,900,17
Raray,159,200,41
Le Coudray-Saint-Germer,888,900,12
Beaugies-sous-Bois,86,100,14
Froissy,874,900,26
Pierrefitte-en-Beauvaisis,375,400,25
Boran-sur-Oise,2099,2100,1
Brégy,595,600,5
Pronleroy,398,400,2
Boissy-le-Bois,192,200,8
Monchy-Saint-Éloi,1979,2000,21
Couloisy,469,500,31
Andeville,3186,3300,114
Rouvroy-les-Merles,64,100,36
Caisnes,483,500,17
Montmacq,1087,1100,13
Novillers,370,400,30
Plailly,1671,1700,29
Fresnières,181,200,19
Angivillers,183,200,17
Neuilly-en-Thelle,3098,3100,2
Fontaine-Saint-Lucien,150,200,50
Quesmy,182,200,18
Valescourt,275,300,25
Mondescourt,275,300,25
Arsy,778,800,22
Montépilloy,160,200,40
Senantes,672,700,28
Fontaine-Chaalis,375,400,25
Lacroix-Saint-Ouen,4484,4500,16
Saint-Arnoult,187,200,13
Jaméricourt,282,300,18
Précy-sur-Oise,3236,3300,64
Hautefontaine,264,300,36
Le Crocq,185,200,15
Coivrel,255,300,45
Montgérain,157,200,43
Catenoy,1031,1100,69
Bonnières,155,200,45
Morlincourt,483,500,17
Maimbeville,361,400,39
Heilles,591,600,9
Fresnoy-le-Luat,484,500,16
Beauvoir,292,300,8
Guignecourt,385,400,15
Glaignes,365,400,35
Giraumont,546,600,54
Jonquières,586,600,14
Wacquemoulin,296,300,4
Muidorge,143,200,57
Parnes,351,400,49
Flavacourt,698,700,2
Choisy-au-Bac,3363,3400,37
Élencourt,55,100,45
Bouvresse,176,200,24
Haute-Épine,292,300,8
Mognéville,1493,1500,7
Autheuil-en-Valois,284,300,16
Passel,299,300,1
Plainville,178,200,22
Angy,1195,1200,5
Saint-Maur,394,400,6
Omécourt,159,200,41
Ressons-sur-Matz,1591,1600,9
Villers-sur-Bonnières,163,200,37
Tourly,174,200,26
Larbroye,477,500,23
Bargny,287,300,13
Breuil-le-Sec,2395,2400,5
Lévignen,882,900,18
Saint-Aubin-en-Bray,1013,1100,87
Beauvais,54711,55000,289
Lamorlaye,9300,9400,100
Le Plessier-sur-Bulles,165,200,35
Liancourt,7169,7200,31
Ressons-l'Abbaye,90,100,10
Maisoncelle-Saint-Pierre,157,200,43
Le Hamel,174,200,26
Lachapelle-sous-Gerberoy,163,200,37
Hainvillers,95,100,5
Courcelles-lès-Gisors,854,900,46
Vieux-Moulin,598,600,2
Nivillers,190,200,10
Plainval,355,400,45
Belloy,86,100,14
Sarcus,278,300,22
Bacouël,466,500,34
Estrées-Saint-Denis,3573,3600,27
Thury-sous-Clermont,685,700,15
Tartigny,266,300,34
Neufchelles,369,400,31
Le Mesnil-en-Thelle,2288,2300,12
Fléchy,97,100,3
Catillon-Fumechon,595,600,5
Canny-sur-Matz,361,400,39
Villotran,288,300,12
Maucourt,283,300,17
Troissereux,1152,1200,48
Amy,369,400,31
Brenouille,2132,2200,68
Rainvillers,872,900,28
Béthisy-Saint-Martin,1083,1100,17
Crapeaumesnil,163,200,37
Beaurepaire,56,100,44
Thérines,190,200,10
Duvy,472,500,28
Boursonne,289,300,11
Sully,157,200,43
Halloy,457,500,43
Sommereux,398,400,2
Saint-Thibault,274,300,26
Vaumoise,892,900,8
Fournival,471,500,29
Bucamps,162,200,38
Esquennoy,745,800,55
Fitz-James,2449,2500,51
Mory-Montcrux,97,100,3
Saint-Maximin,2493,2500,7
Vendeuil-Caply,474,500,26
Chantilly,10876,11000,124
Saint-Germer-de-Fly,1762,1800,38
Airion,489,500,11
Rémécourt,92,100,8
Milly-sur-Thérain,1698,1700,2
Ver-sur-Launette,1198,1200,2
Sées,4446,4600,154
Médavy,149,200,51
Saint-Martin-l'Aiguillon,195,200,5
Le Theil,1858,1900,42
Almenêches,692,700,8
Saint-Symphorien-des-Bruyères,489,500,11
La Cochère,152,200,48
Le Mage,244,300,56
Pacé,383,400,17
Sainte-Gauburge-Sainte-Colombe,1135,1200,65
Saint-Hilaire-sur-Erre,567,600,33
La Chapelle-d'Andaine,1526,1600,74
Saint-Hilaire-de-Briouze,294,300,6
Lucé,80,100,20
Saint-Julien-sur-Sarthe,666,700,34
Mahéru,254,300,46
La Lande-de-Lougé,48,100,52
Beauvain,280,300,20
Saint-Sulpice-sur-Risle,1666,1700,34
Saint-Maurice-du-Désert,692,700,8
Saint-Maurice-lès-Charencey,582,600,18
Montilly-sur-Noireau,740,800,60
Tessé-Froulay,377,400,23
Saint-Quentin-de-Blavou,73,100,27
La Ferrière-Bochard,693,700,7
Haleine,256,300,44
Fontenai-les-Louvets,248,300,52
Planches,190,200,10
Mantilly,564,600,36
Tanques,165,200,35
Bonnefoi,172,200,28
Merri,153,200,47
Saint-Jean-des-Bois,180,200,20
Saint-Denis-sur-Sarthon,1145,1200,55
Sept-Forges,294,300,6
Boissy-Maugis,369,400,31
Belfonds,170,200,30
Le Ménil-Broût,174,200,26
Damigny,2806,2900,94
Coulimer,289,300,11
Bubertré,146,200,54
Fay,64,100,36
Normandel,94,100,6
Saint-Ouen-de-la-Cour,62,100,38
Saint-André-de-Briouze,188,200,12
Saint-Nicolas-de-Sommaire,274,300,26
Moulicent,290,300,10
Sérigny,387,400,13
Berd'huis,1073,1100,27
Saint-Mars-d'Égrenne,682,700,18
Dancé,374,400,26
Loré,149,200,51
Saint-Quentin-les-Chardonnets,286,300,14
Beaulandais,153,200,47
Bocquencé,155,200,45
Sainte-Céronne-lès-Mortagne,290,300,10
Gauville,593,600,7
Courgeon,366,400,34
Saint-Nicolas-des-Bois,252,300,48
Saint-Aquilin-de-Corbion,66,100,34
Réveillon,359,400,41
Saint-Cyr-la-Rosière,260,300,40
Domfront,3830,3900,70
Saint-Germain-de-la-Coudre,839,900,61
Aunou-le-Faucon,263,300,37
Flers,15356,15700,344
Landisacq,771,800,29
Saint-Ouen-de-Sécherouvre,189,200,11
Orgères,175,200,25
Giel-Courteilles,464,500,36
Saint-Nicolas-des-Laitiers,96,100,4
Le Pin-au-Haras,347,400,53
Macé,483,500,17
Notre-Dame-du-Rocher,63,100,37
Ménil-Vin,61,100,39
Irai,572,600,28
Neuilly-le-Bisson,280,300,20
Le Gué-de-la-Chaîne,769,800,31
Saint-Maurice-sur-Huisne,70,100,30
Préaux-du-Perche,543,600,57
Origny-le-Roux,283,300,17
Cahan,164,200,36
Landigou,499,500,1
Glos-la-Ferrière,561,600,39
Laleu,369,400,31
L'Hermitière,266,300,34
Ginai,79,100,21
Sainte-Honorine-la-Guillaume,362,400,38
La Baroche-sous-Lucé,391,400,9
Avernes-sous-Exmes,72,100,28
Saint-Aubin-de-Bonneval,154,200,46
Montreuil-la-Cambe,82,100,18
La Ferté-Frênel,693,700,7
Rônai,159,200,41
Geneslay,280,300,20
La Fresnaie-Fayel,54,100,46
Aunay-les-Bois,175,200,25
Vidai,78,100,22
La Chapelle-Viel,284,300,16
Menus,197,200,3
Sainte-Scolasse-sur-Sarthe,550,600,50
La Ferrière-aux-Étangs,1547,1600,53
Courgeoût,465,500,35
Saint-Didier-sous-Écouves,160,200,40
Saint-Léonard-des-Parcs,71,100,29
Saint-Clair-de-Halouze,866,900,34
Saint-Siméon,275,300,25
Courcerault,168,200,32
Brieux,90,100,10
Saint-Sauveur-de-Carrouges,266,300,34
Le Ménil-Bérard,69,100,31
Ri,166,200,34
Avoine,246,300,54
Saint-Fulgent-des-Ormes,171,200,29
Perrou,397,400,3
Lalacelle,281,300,19
Saint-Germain-de-Clairefeuille,160,200,40
La Motte-Fouquet,169,200,31
Saint-Ellier-les-Bois,258,300,42
Chandai,681,700,19
Bursard,198,200,2
Saint-Michel-Tubœuf,551,600,49
Le Renouard,189,200,11
Rémalard,1291,1300,9
Saint-Paul,658,700,42
Bures,174,200,26
Chênedouit,170,200,30
Saint-Denis-sur-Huisne,61,100,39
Vimoutiers,3807,3900,93
Taillebois,139,200,61
La Ferrière-au-Doyen,195,200,5
La Haute-Chapelle,598,600,2
Rouperroux,162,200,38
Argentan,14369,14400,31
Torchamp,293,300,7
Tinchebray,2571,2600,29
Saint-Germain-d'Aunay,173,200,27
Tourailles,71,100,29
Aunou-sur-Orne,260,300,40
Mortagne-au-Perche,4093,4100,7
Coulonges-sur-Sarthe,492,500,8
Livaie,194,200,6
Marmouillé,179,200,21
Saires-la-Verrerie,279,300,21
Champeaux-sur-Sarthe,183,200,17
Saint-Cornier-des-Landes,673,700,27
Ménil-Froger,65,100,35
Le Chalange,98,100,2
Fontenai-sur-Orne,246,300,54
La Courbe,59,100,41
Saint-Brice-sous-Rânes,169,200,31
La Chaux,54,100,46
Saint-Hilaire-le-Châtel,698,700,2
Saint-Aubin-d'Appenai,386,400,14
La Lande-sur-Eure,169,200,31
Hauterive,489,500,11
Montgaroult,375,400,25
Couvains,172,200,28
Touquettes,83,100,17
Le Ménil-Guyon,89,100,11
Coulmer,98,100,2
Craménil,166,200,34
Igé,687,700,13
Fel,279,300,21
Sainte-Marie-la-Robert,78,100,22
Saint-Patrice-du-Désert,198,200,2
Le Châtellier,398,400,2
Mont-Ormel,59,100,41
Saint-Agnan-sur-Erre,167,200,33
Bellême,1562,1600,38
Rabodanges,138,200,62
Alençon,26704,27700,996
Magny-le-Désert,1465,1500,35
Juvigny-sous-Andaine,1042,1100,58
Canapville,195,200,5
Saint-Pierre-des-Loges,165,200,35
Louvières-en-Auge,85,100,15
Tanville,259,300,41
Marchemaisons,153,200,47
Saint-Jouin-de-Blavou,297,300,3
La Perrière,270,300,30
Chaumont,170,200,30
Suré,269,300,31
Pervenchères,376,400,24
L'Épinay-le-Comte,179,200,21
La Carneille,582,600,18
Montsecret,573,600,27
Saint-Germain-le-Vieux,55,100,45
Coudehard,87,100,13
Rai,1552,1600,48
Monceaux-au-Perche,82,100,18
Aspres,698,700,2
Maison-Maugis,56,100,44
L'Aigle,7975,8300,325
Bivilliers,64,100,36
Dame-Marie,172,200,28
Mâle,769,800,31
Avernes-Saint-Gourgon,69,100,31
Berjou,476,500,24
Échauffour,736,800,64
Le Mêle-sur-Sarthe,771,800,29
Lougé-sur-Maire,371,400,29
Saint-Georges-d'Annebecq,141,200,59
Cisai-Saint-Aubin,192,200,8
Sainte-Croix-sur-Orne,81,100,19
Écorches,91,100,9
La Ferté-Macé,5936,6000,64
Saint-Gervais-des-Sablons,65,100,35
Champ-Haut,50,100,50
La Trinité-des-Laitiers,91,100,9
Tellières-le-Plessis,78,100,22
Écouché,1306,1400,94
Bagnoles-de-l'Orne,2405,2500,95
Comblot,74,100,26
Ceton,1898,1900,2
Bellavilliers,163,200,37
Ménil-Gondouin,168,200,32
La Chapelle-au-Moine,582,600,18
Saint-Brice,168,200,32
Saint-Aubin-des-Grois,64,100,36
Batilly,167,200,33
La Gonfrière,289,300,11
Saint-Pierre-la-Rivière,170,200,30
Lignerolles,167,200,33
La Lande-Patry,1795,1800,5
Authieux-du-Puits,69,100,31
Joué-du-Plain,260,300,40
Briouze,1587,1600,13
Genettes,176,200,24
Moulins-la-Marche,775,800,25
Longny-au-Perche,1540,1600,60
Goulet,371,400,29
Valframbert,1551,1600,49
Yvrandes,163,200,37
Estrée-Wamin,172,200,28
Campagne-lès-Guines,450,500,50
Boiry-Sainte-Rictrude,385,400,15
Lières,374,400,26
Vimy,4345,4400,55
Hesdin,2272,2500,228
Denier,65,100,35
Fresnes-lès-Montauban,489,500,11
Marant,72,100,28
Moringhem,495,500,5
Wail,276,300,24
Vaulx-Vraucourt,1069,1100,31
Favreuil,251,300,49
Nœux-lès-Auxi,173,200,27
Souastre,359,400,41
Duisans,1177,1200,23
Rocquigny,287,300,13
Anvin,789,800,11
Wierre-Effroy,788,800,12
Buire-le-Sec,793,800,7
Attaques,1979,2000,21
Beaumerie-Saint-Martin,376,400,24
Aix-en-Issart,274,300,26
Divion,7129,7200,71
Hamelincourt,261,300,39
Helfaut,1688,1800,112
Acquin-Westbécourt,684,700,16
Marquay,168,200,32
Sains-lès-Pernes,272,300,28
Widehem,267,300,33
Neuville-Saint-Vaast,1449,1500,51
Saint-Venant,3120,3300,180
Auchy-les-Mines,4467,4500,33
Herlin-le-Sec,176,200,24
Sailly-sur-la-Lys,4090,4100,10
Bécourt,276,300,24
Labeuvrière,1697,1700,3
Canlers,187,200,13
Conteville-en-Ternois,87,100,13
Witternesse,577,600,23
Méricourt,11956,12100,144
Airon-Notre-Dame,197,200,3
Gauchin-Verloingt,883,900,17
Sempy,297,300,3
Neuville-Bourjonval,170,200,30
Bernieulles,192,200,8
Tramecourt,56,100,44
Ruyaulcourt,279,300,21
Questrecques,338,400,62
Léchelle,61,100,39
Riencourt-lès-Cagnicourt,283,300,17
Hallines,1291,1300,9
Anzin-Saint-Aubin,2697,2800,103
Hesdin-l'Abbé,1887,1900,13
Saint-Étienne-au-Mont,5070,5100,30
La Herlière,159,200,41
Aubin-Saint-Vaast,748,800,52
Cambrin,973,1000,27
Sibiville,96,100,4
Hulluch,3088,3100,12
Matringhem,187,200,13
Frémicourt,286,300,14
Vieil-Hesdin,373,400,27
Cormont,299,300,1
Beaumetz-lès-Loges,965,1000,35
Oignies,9877,10200,323
Gaudiempré,181,200,19
Reclinghem,188,200,12
Warlus,366,400,34
Cuinchy,1758,1800,42
Herbelles,491,500,9
Gouy-en-Ternois,172,200,28
Sars-le-Bois,66,100,34
Achiet-le-Grand,1068,1100,32
Liévin,31873,32000,127
Fontaine-lès-Croisilles,280,300,20
Rebreuviette,271,300,29
Martinpuich,197,200,3
Ecquedecques,486,500,14
Séricourt,54,100,46
Attin,695,700,5
Auchel,11031,11200,169
Hesmond,179,200,21
Boiry-Saint-Martin,289,300,11
Bours,582,600,18
Bailleulval,273,300,27
Heuchin,566,600,34
Ligny-Thilloy,577,600,23
Gavrelle,566,600,34
Saint-Tricat,668,700,32
Quilen,58,100,42
Le Souich,179,200,21
Marles-sur-Canche,286,300,14
Bellonne,239,300,61
La Thieuloye,460,500,40
Agnez-lès-Duisans,675,700,25
Brêmes,1296,1300,4
Galametz,180,200,20
Tilly-Capelle,158,200,42
Bancourt,78,100,22
Buneville,173,200,27
Maisnil,255,300,45
Autingues,298,300,2
Berles-Monchel,476,500,24
Ferfay,942,1000,58
Eps,257,300,43
Hersin-Coupigny,6225,6400,175
Bailleul-aux-Cornailles,265,300,35
Saint-Omer,14506,15000,494
Bouin-Plumoison,456,500,44
Auchy-lès-Hesdin,1698,1800,102
Harnes,12373,12700,327
Frévin-Capelle,392,400,8
Rang-du-Fliers,4057,4100,43
Annay,4267,4300,33
Wissant,1056,1100,44
Mondicourt,636,700,64
Maizières,168,200,32
Fontaine-lès-Boulans,87,100,13
Capelle-lès-Hesdin,463,500,37
Saint-Martin-au-Laërt,3729,3800,71
Beaudricourt,99,100,1
Campigneulles-les-Petites,584,600,16
Guigny,165,200,35
Inghem,356,400,44
Mencas,74,100,26
Pihem,990,1000,10
Lefaux,264,300,36
Courcelles-le-Comte,443,500,57
Haut-Loquin,160,200,40
Vincly,164,200,36
Gouves,189,200,11
Hannescamps,189,200,11
Hébuterne,534,600,66
Senlis,178,200,22
Le Sars,162,200,38
Wingles,8255,8300,45
Journy,273,300,27
Équirre,53,100,47
Sanghen,274,300,26
Rouvroy,8778,8900,122
Cucq,5167,5200,33
Merlimont,3089,3100,11
Saint-Léonard,3581,3600,19
Nédon,163,200,37
Hénu,163,200,37
Locon,2317,2400,83
Saint-Martin-Choquel,468,500,32
Arras,41611,42800,1189
Brunembert,377,400,23
Recques-sur-Hem,565,600,35
Gomiécourt,155,200,45
Trescault,194,200,6
Rumilly,257,300,43
Fleurbaix,2651,2700,49
Drocourt,2983,3000,17
Rebreuve-Ranchicourt,1095,1100,5
Guemps,967,1000,33
Tatinghem,1775,1800,25
Chériennes,154,200,46
Hénin-sur-Cojeul,493,500,7
Pierremont,266,300,34
Oye-Plage,5427,5600,173
Merck-Saint-Liévin,591,600,9
Cléty,672,700,28
Mont-Bernanchon,1394,1400,6
Sallaumines,9956,10100,144
Noyelles-sous-Lens,6896,7000,104
Morchies,177,200,23
Maresquel-Ecquemicourt,887,900,13
Oppy,363,400,37
Givenchy-en-Gohelle,2057,2100,43
Izel-lès-Hameau,695,700,5
Fiefs,399,400,1
Prédefin,197,200,3
Montigny-en-Gohelle,10047,10200,153
Guémappe,361,400,39
Marles-les-Mines,5744,5800,56
Fresnoy-en-Gohelle,253,300,47
Condette,2575,2600,25
Coulogne,5686,5800,114
Érin,197,200,3
Fresnoy,74,100,26
Bavincourt,368,400,32
Créquy,489,500,11
Tardinghen,154,200,46
Quiestède,661,700,39
Neuville-sous-Montreuil,663,700,37
Beuvry,8817,8900,83
Cherisy,290,300,10
Nielles-lès-Bléquin,875,900,25
Loison-sous-Lens,5299,5500,201
Fauquembergues,978,1000,22
Linzeux,165,200,35
Valhuon,576,600,24
Neuville-au-Cornet,83,100,17
Huby-Saint-Leu,937,1000,63
Wamin,251,300,49
Vendin-lès-Béthune,2371,2400,29
Calais,73636,74800,1164
Averdoingt,268,300,32
Dohem,777,800,23
Beutin,493,500,7
Labroye,179,200,21
Busnes,1261,1300,39
Tincques,875,900,25
Boulogne-sur-Mer,43070,43800,730
Blairville,298,300,2
Étaples,11279,11700,421
Libercourt,8580,8900,320
Ransart,384,400,16
Bermicourt,155,200,45
Quercamps,278,300,22
Troisvaux,295,300,5
Oisy-le-Verger,1267,1300,33
Ervillers,393,400,7
Remy,284,300,16
Vaulx,84,100,16
Beauvoir-Wavans,389,400,11
Clenleu,183,200,17
Avesnes-le-Comte,2089,2100,11
Montcavrel,376,400,24
Marest,262,300,38
Frencq,777,800,23
Inxent,165,200,35
Maresville,83,100,17
Echinghen,376,400,24
Béthune,25655,25700,45
Verlincthun,381,400,19
Alquines,865,900,35
Moyenneville,291,300,9
Frévent,3784,3800,16
Isbergues,9289,9400,111
Manin,185,200,15
Le Touquet-Paris-Plage,4495,5100,605
Roclincourt,790,800,10
Coquelles,2291,2300,9
Monts-en-Ternois,53,100,47
Bucquoy,1490,1500,10
La Madelaine-sous-Montreuil,176,200,24
Baincthun,1347,1400,53
Pihen-lès-Guînes,483,500,17
Ablain-Saint-Nazaire,1791,1900,109
Gauchin-Légal,341,400,59
Blangerval-Blangermont,96,100,4
Monchiet,96,100,4
Carvin,17152,17400,248
Cavron-Saint-Martin,485,500,15
Loos-en-Gohelle,6778,6800,22
Sailly-au-Bois,284,300,16
Cauchy-à-la-Tour,2973,3000,27
Fouquières-lès-Béthune,1095,1100,5
Courset,479,500,21
Capelle-Fermont,194,200,6
Willeman,177,200,23
Herbinghen,380,400,20
Le Portel,9569,10100,531
La Loge,192,200,8
Éclimeux,162,200,38
Pernes-lès-Boulogne,473,500,27
Clarques,290,300,10
Bailleul-Sir-Berthoult,1257,1300,43
Hermies,1178,1200,22
Esquerdes,1571,1600,29
Tigny-Noyelle,154,200,46
Barlin,7551,7600,49
Gouy-en-Artois,344,400,56
Coyecques,580,600,20
Offrethun,265,300,35
Neuville-Vitasse,495,500,5
Sailly-Labourse,2128,2200,72
Haillicourt,4919,5000,81
Bruay-la-Buissière,23408,23700,292
Ferques,1851,1900,49
Grigny,299,300,1
Villers-l'Hôpital,270,300,30
Sapignies,178,200,22
Fréthun,1135,1200,65
Monchy-Cayeux,291,300,9
Recques-sur-Course,267,300,33
Boursin,268,300,32
Torcy,159,200,41
Saint-Nicolas,4843,5000,157
Grand-Rullecourt,397,400,3
Habarcq,677,700,23
Gosnay,1044,1100,56
Audincthun,658,700,42
Palluel,566,600,34
Wailly-Beaucamp,992,1000,8
Le Quesnoy-en-Artois,361,400,39
Angres,3999,4000,1
Incourt,67,100,33
Bihucourt,370,400,30
Le Parcq,794,800,6
Landrethun-lès-Ardres,697,700,3
Remilly-Wirquin,337,400,63
Rollancourt,349,400,51
Teneur,285,300,15
Bailleul-lès-Pernes,383,400,17
Liencourt,276,300,24
Béthonsart,170,200,30
Caumont,184,200,16
Liettres,293,300,7
Tilloy-lès-Mofflaines,1394,1400,6
Sauchy-Cauchy,391,400,9
Warlencourt-Eaucourt,162,200,38
Fiennes,886,900,14
Aix-en-Ergny,176,200,24
Lambres,1064,1100,36
Morval,94,100,6
Avion,17271,17600,329
Wizernes,3310,3400,90
Houlle,983,1000,17
Dannes,1291,1300,9
Ostreville,259,300,41
Baralle,482,500,18
Hesdigneul-lès-Boulogne,692,700,8
Humbert,240,300,60
Nabringhen,170,200,30
Lapugnoy,3288,3300,12
Quelmes,561,600,39
Montreuil,2282,2300,18
Radinghem,288,300,12
Orville,394,400,6
Lisbourg,569,600,31
Boubers-lès-Hesmond,72,100,28
Noyelles-Godault,5141,5200,59
Savy-Berlette,965,1000,35
Verton,2269,2300,31
Sarton,176,200,24
Neuvireuil,479,500,21
Hamblain-les-Prés,490,500,10
Écuires,782,800,18
Guisy,291,300,9
Conchy-sur-Canche,188,200,12
Wimille,4231,4300,69
Audinghen,589,600,11
Tollent,91,100,9
Beuvrequen,398,400,2
Aumerval,198,200,2
Campagne-lès-Hesdin,1765,1800,35
Estrée-Cauchy,370,400,30
Saint-Josse,1188,1200,12
Douvrin,4978,5100,122
Nesles,962,1000,38
Flers,192,200,8
Sains-lès-Fressin,175,200,25
Vacquerie-le-Boucq,78,100,22
Éleu-dit-Leauwette,2887,3000,113
Lépine,280,300,20
Ligny-sur-Canche,196,200,4
Sauchy-Lestrée,457,500,43
Fouquières-lès-Lens,6538,6600,62
Haplincourt,188,200,12
Auxi-le-Château,2898,2900,2
Mazingarbe,7496,7500,4
Isques,1168,1200,32
Wardrecques,1174,1200,26
Ourton,774,800,26
Chocques,2996,3000,4
Plouvain,460,500,40
Allouagne,3066,3100,34
Havrincourt,388,400,12
Grévillers,378,400,22
Noyellette,184,200,16
Neuve-Chapelle,1345,1400,55
Mentque-Nortbécourt,599,600,1
Monchel-sur-Canche,85,100,15
Longuenesse,10925,11000,75
Lens,35032,36100,1068
Blendecques,5184,5200,16
Pressy,291,300,9
Thérouanne,1072,1100,28
Ficheux,493,500,7
Vieil-Moutier,391,400,9
Chelers,291,300,9
Vaudricourt,891,900,9
Beaurains,5083,5100,17
Neufchâtel-Hardelot,3774,3800,26
Saint-Martin-Boulogne,11230,11500,270
Vaudringhem,485,500,15
Groffliers,1468,1500,32
Quernes,456,500,44
Maintenay,389,400,11
Canettemont,63,100,37
Nempont-Saint-Firmin,181,200,19
Rougefay,92,100,8
Wanquetin,699,700,1
Ivergny,263,300,37
Bainghen,169,200,31
Foncquevillers,471,500,29
Hernicourt,499,500,1
Dennebrœucq,374,400,26
Calonne-Ricouart,5759,5900,141
Noyelles-lès-Humières,61,100,39
Rœux,1392,1400,8
Œuf-en-Ternois,255,300,45
Queuille,268,300,32
Chas,379,400,21
Châteauneuf-les-Bains,292,300,8
Cunlhat,1292,1300,8
Verneugheol,254,300,46
Chambon-sur-Lac,352,400,48
Chambon-sur-Dolore,171,200,29
Sugères,572,600,28
Courgoul,65,100,35
Augerolles,878,900,22
Saint-Anthème,736,800,64
Singles,169,200,31
La Tour-d'Auvergne,658,700,42
Orcines,3296,3300,4
Sayat,2184,2200,16
Le Vernet-Sainte-Marguerite,278,300,22
Cisternes-la-Forêt,486,500,14
Saint-Angel,393,400,7
Enval,1390,1400,10
Saint-Dier-d'Auvergne,573,600,27
Ambert,6920,7000,80
Saint-Diéry,374,400,26
Sainte-Agathe,197,200,3
Saint-Germain-près-Herment,77,100,23
Saint-Maigner,198,200,2
Lapeyrouse,567,600,33
Tallende,1583,1600,17
La Monnerie-le-Montel,1995,2000,5
Issoire,14012,14200,188
Messeix,1120,1200,80
Giat,887,900,13
Ménétrol,1576,1600,24
Saint-Martin-des-Olmes,269,300,31
Mareugheol,175,200,25
Murat-le-Quaire,475,500,25
Saint-Éloy-les-Mines,3657,3700,43
Saint-Rémy-de-Chargnat,552,600,48
Dorat,678,700,22
Voingt,54,100,46
Crevant-Laveine,954,1000,46
Ceyrat,5341,5400,59
Chamalières,17081,17100,19
Teilhet,299,300,1
Flat,498,500,2
Vernines,355,400,45
Marsat,1197,1200,3
Sainte-Catherine,59,100,41
Laqueuille,374,400,26
La Celle,84,100,16
Brenat,583,600,17
Ancizes-Comps,1761,1800,39
Pontgibaud,731,800,69
Saint-Alyre-ès-Montagne,162,200,38
La Crouzille,280,300,20
Valz-sous-Châteauneuf,55,100,45
Puy-Guillaume,2622,2700,78
Blanzat,3824,3900,76
Gouttières,348,400,52
Aulnat,4171,4300,129
Saint-Saturnin,1024,1100,76
Pontaumur,743,800,57
Chassagne,87,100,13
Saint-Gervais-sous-Meymont,257,300,43
Royat,4473,4500,27
Olliergues,776,800,24
Besse-et-Saint-Anastaise,1561,1700,139
La Chapelle-Marcousse,75,100,25
Mauzun,95,100,5
Thiers,11250,12000,750
Esteil,69,100,31
Saint-Avit,257,300,43
Cros,172,200,28
Antoingt,373,400,27
Orcival,249,300,51
Saulzet-le-Froid,261,300,39
Thiolières,167,200,33
Billom,4635,4700,65
Bergonne,340,400,60
Tauves,753,800,47
Chadeleuf,387,400,13
Martres-de-Veyre,3928,4000,72
Artonne,770,800,30
Vichel,296,300,4
Cébazat,7611,7700,89
Doranges,149,200,51
La Chapelle-Agnon,382,400,18
Larodde,268,300,32
Saint-Priest-des-Champs,691,700,9
Moriat,377,400,23
Picherande,354,400,46
Brousse,363,400,37
Anzat-le-Luguet,187,200,13
Lamontgie,587,600,13
Fournols,347,400,53
Tralaigues,84,100,16
Saint-Jacques-d'Ambur,290,300,10
Pulvérières,374,400,26
Compains,158,200,42
Job,1081,1100,19
Dauzat-sur-Vodable,90,100,10
Rochefort-Montagne,897,900,3
Montaigut,1037,1100,63
La Cellette,161,200,39
Prondines,260,300,40
Saint-Genès-du-Retz,495,500,5
Gerzat,10393,10400,7
Saint-Étienne-sur-Usson,260,300,40
Sauret-Besserve,181,200,19
Tortebesse,53,100,47
Yssac-la-Tourette,354,400,46
Creste,52,100,48
Aubière,9621,10000,379
Valbeleix,142,200,58
Collanges,154,200,46
Saint-André-le-Coq,487,500,13
Condat-en-Combraille,486,500,14
Peslières,69,100,31
Celles-sur-Durolle,1774,1800,26
Saint-Pierre-le-Chastel,384,400,16
Neuf-Église,294,300,6
Château-sur-Cher,92,100,8
Savennes,92,100,8
Nébouzat,787,800,13
Boudes,267,300,33
Lisseuil,91,100,9
Menat,581,600,19
Pionsat,1089,1100,11
La Sauvetat,661,700,39
Bertignat,482,500,18
Saint-Ours,1578,1600,22
Le Monestier,194,200,6
Égliseneuve-d'Entraigues,458,500,42
Le Brugeron,251,300,49
La Forie,333,400,67
Beaumont,10933,11000,67
Grandrif,167,200,33
Volvic,4556,4600,44
Saint-Éloy-la-Glacière,62,100,38
Champétières,253,300,47
Avèze,197,200,3
Pouzol,282,300,18
Vergheas,77,100,23
Saint-Hilaire,194,200,6
Vertolaye,590,600,10
Brassac-les-Mines,3290,3300,10
Mazaye,697,700,3
Buxières-sous-Montaigut,239,300,61
Mont-Dore,1356,1400,44
Parentignat,476,500,24
Domaize,382,400,18
Mayres,181,200,19
Busséol,187,200,13
Chalus,185,200,15
La Moutade,484,500,16
La Roche-Blanche,3188,3200,12
Novacelles,152,200,48
Verrières,74,100,26
Usson,270,300,30
Arconsat,634,700,66
Virlet,273,300,27
Courpière,4461,4500,39
La Chapelle-sur-Usson,78,100,22
Saint-Jean-des-Ollières,462,500,38
Malintrat,941,1000,59
La Bourboule,1925,2000,75
Saint-Victor-Montvianeix,258,300,42
Saint-Genès-la-Tourette,183,200,17
Parent,790,800,10
Saint-Maurice-près-Pionsat,370,400,30
Saint-Floret,268,300,32
Pérignat-lès-Sarliève,2696,2700,4
Saint-Martin-des-Plains,146,200,54
Labessette,71,100,29
Saint-Just,171,200,29
Corent,679,700,21
Montpeyroux,366,400,34
Authezat,650,700,50
Pignols,295,300,5
Aix-la-Fayette,73,100,27
Saint-Quentin-sur-Sauxillanges,99,100,1
Davayat,572,600,28
Fayet-Ronaye,99,100,1
Châteldon,763,800,37
Roche-d'Agoux,90,100,10
Saint-Sylvestre-Pragoulin,1082,1100,18
Saint-Georges-de-Mons,2151,2200,49
Villosanges,375,400,25
Herment,283,300,17
Nohanent,1878,1900,22
Saillant,282,300,18
Saint-Germain-l'Herm,497,500,3
Grandeyrolles,61,100,39
Lussat,899,900,1
Romagnat,8089,8200,111
Entraigues,634,700,66
Bagnols,493,500,7
Apchat,187,200,13
Puy-Saint-Gulmier,142,200,58
Ceilloux,158,200,42
Saint-Alyre-d'Arlanc,172,200,28
Juxue,231,300,69
Saint-Boès,365,400,35
Lanne-en-Barétous,492,500,8
Lespourcy,171,200,29
Bidache,1284,1300,16
Cuqueron,180,200,20
Saint-Gladie-Arrive-Munein,176,200,24
Aubous,51,100,49
La Bastide-Clairence,997,1000,3
Goès,562,600,38
Espéchède,163,200,37
Aldudes,372,400,28
Jaxu,163,200,37
Uhart-Cize,691,700,9
Sallespisse,592,600,8
Saint-Girons-en-Béarn,159,200,41
Aste-Béon,283,300,17
Beyrie-en-Béarn,179,200,21
Burosse-Mendousse,58,100,42
Vialer,192,200,8
Arrosès,148,200,52
Viellenave-de-Navarrenx,168,200,32
Bellocq,895,900,5
Ainharp,147,200,53
Arbérats-Sillègue,299,300,1
Salles-Mongiscard,298,300,2
Préchacq-Navarrenx,168,200,32
Sauguis-Saint-Étienne,164,200,36
Verdets,281,300,19
Chéraute,1115,1200,85
Bonloc,371,400,29
Idaux-Mendy,268,300,32
Riupeyrous,162,200,38
Mourenx,7068,7400,332
Larreule,160,200,40
Castéra-Loubix,54,100,46
Doazon,189,200,11
Serres-Sainte-Marie,472,500,28
Méritein,298,300,2
Poey-de-Lescar,1533,1600,67
Ger,1916,2000,84
Lucgarier,284,300,16
Tadousse-Ussau,79,100,21
Ostabat-Asme,198,200,2
Castillon (Canton de Lembeye),56,100,44
Caro,184,200,16
Larrau,199,200,1
Diusse,153,200,47
Sarrance,196,200,4
Séméacq-Blachon,174,200,26
Lannecaube,165,200,35
Bielle,444,500,56
Labets-Biscay,154,200,46
Lalonquette,279,300,21
Taron-Sadirac-Viellenave,189,200,11
Menditte,199,200,1
Puyoô,1183,1200,17
Arget,93,100,7
Maspie-Lalonquère-Juillacq,280,300,20
Ribarrouy,80,100,20
Lasserre,95,100,5
Caubios-Loos,491,500,9
Pau,81166,84000,2834
Viven,174,200,26
Lée,1198,1200,2
Préchacq-Josbaig,286,300,14
Oloron-Sainte-Marie,10800,11200,400
Armendarits,380,400,20
Rébénacq,681,700,19
Lamayou,183,200,17
Poey-d'Oloron,184,200,16
Labatmale,263,300,37
Pagolle,261,300,39
Gabaston,593,600,7
Loubieng,453,500,47
Barzun,595,600,5
Mendive,193,200,7
Ainhoa,683,700,17
Bidos,1166,1200,34
Audaux,187,200,13
Gère-Bélesten,174,200,26
Orsanco,98,100,2
Gelos,3656,3700,44
Garris,291,300,9
Lantabat,292,300,8
Bussunarits-Sarrasquette,169,200,31
Saint-Abit,357,400,43
Mont-Disse,78,100,22
Laruns,1283,1300,17
Bilhères,163,200,37
Siros,618,700,82
Saint-Jean-Poudge,84,100,16
Arhansus,74,100,26
Montaner,464,500,36
Navarrenx,1075,1100,25
Etsaut,80,100,20
Saint-Palais,1862,1900,38
Cabidos,189,200,11
Athos-Aspis,185,200,15
Escurès,157,200,43
Arnos,71,100,29
Lichans-Sunhar,67,100,33
Castillon (Canton d'Arthez-de-Béarn),289,300,11
Orion,155,200,45
Biarritz,25306,26300,994
Bescat,271,300,29
Haut-de-Bosdarros,286,300,14
Précilhon,350,400,50
Lucq-de-Béarn,972,1000,28
Bustince-Iriberry,93,100,7
Orègue,478,500,22
Labatut,162,200,38
Laguinge-Restoue,174,200,26
Cette-Eygun,79,100,21
Lussagnet-Lusson,168,200,32
Auriac,246,300,54
Arbus,1099,1100,1
Os-Marsillon,453,500,47
Ayherre,987,1000,13
Morlaàs,4165,4200,35
Ispoure,595,600,5
Sévignacq,695,700,5
Bédeille,195,200,5
Arnéguy,252,300,48
Lasseubetat,180,200,20
Géus-d'Arzacq,182,200,18
Bassillon-Vauzé,72,100,28
Laroin,946,1000,54
Castagnède,195,200,5
Sarpourenx,274,300,26
Ossas-Suhare,86,100,14
Montfort,171,200,29
Ponson-Dessus,241,300,59
Hosta,74,100,26
Mazères-Lezons,1940,2000,60
Lasclaveries,262,300,38
Jurançon,6963,7000,37
Buros,1771,1800,29
Saint-Martin-d'Arrossa,470,500,30
Lahontan,467,500,33
Aast,192,200,8
Lecumberry,183,200,17
Urost,64,100,36
Anos,191,200,9
Sedze-Maubecq,198,200,2
Aramits,683,700,17
Ledeuix,998,1000,2
Haux,93,100,7
Lalongue,199,200,1
Etchebar,66,100,34
Gotein-Libarrenx,451,500,49
Ahaxe-Alciette-Bascassan,291,300,9
Ainhice-Mongelos,161,200,39
Lucarré,62,100,38
Lagos,464,500,36
Saint-Vincent,384,400,16
Saint-Jean-le-Vieux,860,900,40
Gayon,57,100,43
Aussurucq,251,300,49
Aïcirits-Camou-Suhast,655,700,45
Monpezat,90,100,10
Estérençuby,354,400,46
Gestas,66,100,34
Samsons-Lion,76,100,24
Doumy,279,300,21
Espelette,1974,2000,26
Méharin,259,300,41
Issor,253,300,47
Lasse,290,300,10
Nay,3218,3300,82
Castetbon,170,200,30
Escou,377,400,23
Alos-Sibas-Abense,284,300,16
Lys,360,400,40
Lombia,197,200,3
Lescun,179,200,21
Tabaille-Usquain,39,100,61
Béguios,272,300,28
Arudy,2230,2300,70
Lées-Athas,291,300,9
Herrère,362,400,38
Oraàs,164,200,36
Boueilh-Boueilho-Lasque,357,400,43
Irissarry,875,900,25
Fichous-Riumayou,164,200,36
Vielleségure,394,400,6
Borce,159,200,41
Araujuzon,196,200,4
Séby,192,200,8
Bérenx,489,500,11
Portet,176,200,24
Saint-Pierre-d'Irube,4390,4500,110
Bonnut,674,700,26
Larribar-Sorhapuru,190,200,10
Suhescun,194,200,6
L'Hôpital-d'Orion,161,200,39
Bordères,655,700,45
Castetpugon,182,200,18
Noguères,154,200,46
Sus,383,400,17
Burgaronne,99,100,1
Urdès,272,300,28
Lembeye,763,800,37
Argelos,260,300,40
Saint-Jean-de-Luz,12969,13800,831
Ponson-Debat-Pouts,88,100,12
Higuères-Souye,284,300,16
L'Hôpital-Saint-Blaise,83,100,17
Billère,13142,13300,158
Aroue-Ithorots-Olhaïby,244,300,56
Simacourbe,347,400,53
Béhorléguy,77,100,23
Barinque,587,600,13
Barraute-Camu,158,200,42
Abos,487,500,13
Castetner,154,200,46
Viellenave-d'Arthez,172,200,28
Moncaup,158,200,42
Castet,160,200,40
Ramous,474,500,26
Anhaux,293,300,7
Saint-Jean-Pied-de-Port,1471,1500,29
Arbouet-Sussaute,294,300,6
Urdos,71,100,29
Saint-Faust,762,800,38
Baliros,367,400,33
Thermes-Magnoac,196,200,4
Artiguemy,84,100,16
Gerde,1175,1200,25
Montastruc,266,300,34
Sarniguet,247,300,53
Sère-Lanso,55,100,45
Avezac-Prat-Lahitte,569,600,31
Paréac,64,100,36
Villefranque,89,100,11
Capvern,1284,1300,16
Cieutat,593,600,7
Osmets,76,100,24
Louit,179,200,21
Moulédous,172,200,28
Maubourguet,2462,2500,38
Auriébat,290,300,10
Lies,72,100,28
Seich,64,100,36
Bareilles,60,100,40
Caussade-Rivière,86,100,14
Ansost,56,100,44
Vidouze,252,300,48
Azet,161,200,39
Talazac,71,100,29
Sère-en-Lavedan,73,100,27
Arcizac-ez-Angles,277,300,23
Saint-Sever-de-Rustan,157,200,43
Uglas,284,300,16
Bettes,67,100,33
Vielle-Adour,497,500,3
Oléac-Dessus,98,100,2
Arreau,797,800,3
Ugnouas,75,100,25
Sarrouilles,559,600,41
Agos-Vidalos,388,400,12
Buzon,84,100,16
Juncalas,179,200,21
Souyeaux,291,300,9
Saint-Martin,376,400,24
Estaing,78,100,22
Madiran,449,500,51
Saint-Paul,282,300,18
Thèbe,81,100,19
Campistrous,298,300,2
Adast,257,300,43
Horgues,1067,1100,33
Troubat,58,100,42
Devèze,60,100,40
Séméac,4679,5000,321
Layrisse,179,200,21
Vidou,88,100,12
Sost,99,100,1
Castillon,85,100,15
Ayros-Arbouix,291,300,9
Ger,173,200,27
La Barthe-de-Neste,1163,1200,37
Labastide,163,200,37
Viella,78,100,22
Esparros,165,200,35
Banios,54,100,46
Nestier,163,200,37
Pierrefitte-Nestalas,1266,1300,34
Pailhac,67,100,33
Lugagnan,158,200,42
Villenave-près-Marsac,69,100,31
Guchen,376,400,24
Lamarque-Rustaing,57,100,43
Ségus,257,300,43
Gèdre,251,300,49
Lalanne,85,100,15
Aspin-Aure,55,100,45
Gensac,93,100,7
Sers,92,100,8
Esquièze-Sère,379,400,21
Peyrun,82,100,18
Réjaumont,184,200,16
Bordères-Louron,158,200,42
Lanne,575,600,25
Luc,180,200,20
Grézian,96,100,4
Astugue,284,300,16
Clarac,173,200,27
Bonnemazon,83,100,17
Averan,72,100,28
Boô-Silhen,278,300,22
Aveux,51,100,49
Saléchan,192,200,8
Arcizans-Avant,364,400,36
Sarriac-Bigorre,285,300,15
Aulon,81,100,19
Liac,196,200,4
Recurt,180,200,20
Villemur,64,100,36
Ricaud,72,100,28
Bartrès,477,500,23
Sarlabous,70,100,30
Tibiran-Jaunac,273,300,27
Séron,299,300,1
Sarrancolin,590,600,10
Laborde,96,100,4
Avajan,73,100,27
Bonnefont,351,400,49
Armenteule,60,100,40
Esbareich,74,100,26
Arbéost,90,100,10
Aventignan,179,200,21
Péré,52,100,48
Argelès-Gazost,3208,3300,92
Bourg-de-Bigorre,190,200,10
Vielle-Aure,356,400,44
Sacoué,86,100,14
Garde,495,500,5
Castelnau-Magnoac,771,800,29
Villenave-près-Béarn,70,100,30
Marquerie,72,100,28
Estampures,78,100,22
Bourréac,84,100,16
Génos,157,200,43
Anla,80,100,20
Saint-Savin,382,400,18
Vielle-Louron,80,100,20
Anères,187,200,13
Trie-sur-Baïse,1069,1100,31
Lanespède,154,200,46
Tournous-Darré,81,100,19
Bugard,86,100,14
Pinas,459,500,41
Camparan,61,100,39
Sadournin,182,200,18
Ozon,285,300,15
Lombrès,80,100,20
Soublecause,180,200,20
Lubret-Saint-Luc,72,100,28
Cheust,83,100,17
Tarasteix,284,300,16
Tarbes,43034,44200,1166
Ferrère,57,100,43
Burg,269,300,31
Gayan,255,300,45
Sanous,83,100,17
Bonrepos,192,200,8
Sariac-Magnoac,153,200,47
Lapeyre,81,100,19
Trouley-Labarthe,97,100,3
Soulom,241,300,59
Loudervielle,64,100,36
Louey,996,1000,4
Boulin,275,300,25
Betpouy,76,100,24
Lansac,150,200,50
Peyrouse,286,300,14
Saint-Créac,93,100,7
Izaux,184,200,16
Siradan,292,300,8
Barbachen,51,100,49
Campan,1457,1500,43
Bégole,186,200,14
Germ,46,100,54
Lhez,78,100,22
Loudenvielle,284,300,16
Lafitole,485,500,15
Lescurry,178,200,22
Aries-Espénan,64,100,36
Castelnau-Rivière-Basse,675,700,25
Artagnan,495,500,5
Berbérust-Lias,56,100,44
Saligos,89,100,11
Vier-Bordes,94,100,6
Ayzac-Ost,386,400,14
Fontrailles,145,200,55
Ossen,191,200,9
Sentous,77,100,23
Trébons,698,700,2
Sireix,68,100,32
Tuzaguet,459,500,41
Gouaux,73,100,27
Gazave,71,100,29
Arrens-Marsous,725,800,75
Espèche,57,100,43
Marsas,68,100,32
Générest,94,100,6
Mascaras,392,400,8
Bulan,63,100,37
Allier,379,400,21
Hauban,90,100,10
Benque,77,100,23
Saint-Lary-Soulan,885,1000,115
Labassère,259,300,41
Ségalas,94,100,6
Lourdes,14743,15400,657
Geu,174,200,26
Gembrie,71,100,29
Aucun,260,300,40
Campuzan,153,200,47
Jacque,71,100,29
Larroque,89,100,11
Chis,295,300,5
Peyret-Saint-André,56,100,44
Sassis,92,100,8
Sauveterre,170,200,30
Saint-Pé-de-Bigorre,1257,1300,43
Lézignan,373,400,27
Latour-de-France,1065,1100,35
Vernet-les-Bains,1439,1500,61
La Llagonne,242,300,58
Cassagnes,257,300,43
Saint-Cyprien,10476,10600,124
Trilla,61,100,39
Sahorre,358,400,42
Corneilla-de-Conflent,470,500,30
Castelnou,364,400,36
Enveitg,666,700,34
Tarerach,57,100,43
Saint-Martin,56,100,44
Le Perthus,586,600,14
Saint-Paul-de-Fenouillet,1879,1900,21
Nahuja,68,100,32
Montferrer,198,200,2
Ille-sur-Têt,5266,5300,34
Calmeilles,64,100,36
Saint-Estève,10838,11100,262
La Bastide,83,100,17
Argelès-sur-Mer,9978,10000,22
Taulis,50,100,50
Saint-Marsal,97,100,3
Conat,53,100,47
Sauto,91,100,9
Py,93,100,7
Peyrestortes,1332,1400,68
Oms,295,300,5
Boule-d'Amont,61,100,39
Olette,384,400,16
Felluns,55,100,45
Fenouillet,87,100,13
Espira-de-Conflent,173,200,27
Codalet,352,400,48
Puyvalador,72,100,28
Dorres,169,200,31
Osséja,1490,1500,10
Port-Vendres,4290,4300,10
Ansignan,193,200,7
Saint-Laurent-de-Cerdans,1275,1300,25
Bolquère,776,800,24
Lamanère,54,100,46
Fillols,163,200,37
Jujols,46,100,54
Matemale,287,300,13
Prunet-et-Belpuig,57,100,43
Rivesaltes,8169,8400,231
Prats-de-Sournia,74,100,26
Théza,1386,1400,14
Cerbère,1446,1600,154
Banyuls-sur-Mer,4670,4700,30
Tordères,173,200,27
Pézilla-de-Conflent,60,100,40
Mosset,292,300,8
Fuilla,381,400,19
Montbolo,187,200,13
Thuir,7267,7400,133
Llo,157,200,43
Céret,7629,7700,71
Lesquerde,171,200,29
Le Tech,87,100,13
Saint-Génis-des-Fontaines,2778,2800,22
Nyer,162,200,38
Le Vivier,94,100,6
Estoher,156,200,44
L'Albère,83,100,17
Baillestavy,95,100,5
Égat,447,500,53
Maury,860,900,40
Serralongue,239,300,61
Prades,6081,6600,519
Font-Romeu-Odeillo-Via,1841,1900,59
Nohèdes,68,100,32
Mont-Louis,247,300,53
Palau-de-Cerdagne,445,500,55
Angles,566,600,34
Vivès,168,200,32
Finestret,192,200,8
Butten,642,700,58
Saint-Nabor,476,500,24
Mundolsheim,4941,5100,159
Eschwiller,180,200,20
Lembach,1695,1700,5
Saint-Pierre,587,600,13
Wingersheim,1175,1200,25
Dalhunden,998,1000,2
Ichtratzheim,294,300,6
Daubensand,371,400,29
Cosswiller,564,600,36
Matzenheim,1446,1500,54
Rosteig,584,600,16
Stattmatten,677,700,23
Ohlungen,1333,1400,67
Bitschhoffen,468,500,32
Stutzheim-Offenheim,1453,1500,47
Sand,1139,1200,61
Rittershoffen,895,900,5
Zœbersdorf,177,200,23
Krautwiller,186,200,14
Zittersheim,257,300,43
Richtolsheim,349,400,51
Furchhausen,395,400,5
Lichtenberg,567,600,33
Duttlenheim,2876,2900,24
Durrenbach,1090,1100,10
Molsheim,9215,9300,85
Odratzheim,443,500,57
Handschuheim,297,300,3
Fouday,371,400,29
Saint-Maurice,366,400,34
Eckbolsheim,6421,6500,79
Hoffen,1177,1200,23
Keskastel,1582,1600,18
Barembach,868,900,32
Engwiller,470,500,30
Obernai,10731,10900,169
Lohr,499,500,1
Scherwiller,3069,3100,31
Bischholtz,280,300,20
Kogenheim,1098,1100,2
Pfaffenhoffen,2735,2800,65
Wahlenheim,386,400,14
Plaine,963,1000,37
Sarre-Union,3072,3200,128
Niederbronn-les-Bains,4366,4400,34
Hohfrankenheim,259,300,41
Hatten,1954,2000,46
Rangen,190,200,10
Weislingen,566,600,34
Heiligenstein,966,1000,34
Romanswiller,1356,1400,44
Waldhambach,647,700,53
Petersbach,677,700,23
Pfulgriesheim,1256,1300,44
Mackwiller,598,600,2
Aschbach,667,700,33
Natzwiller,596,600,4
Salmbach,577,600,23
Rohr,273,300,27
Kilstett,2357,2400,43
Pfettisheim,770,800,30
Bassemberg,265,300,35
Wingen-sur-Moder,1551,1600,49
Osthouse,955,1000,45
Strasbourg,271782,272100,318
Lampertheim,2950,3000,50
Marckolsheim,4218,4300,82
Nordheim,783,800,17
Eywiller,268,300,32
Flexbourg,479,500,21
Ingenheim,347,400,53
Seebach,1731,1800,69
Buswiller,190,200,10
Westhouse-Marmoutier,258,300,42
Beinheim,1871,1900,29
Kurtzenhouse,999,1000,1
Gumbrechtshoffen,1191,1200,9
Rothbach,469,500,31
Frohmuhl,185,200,15
Steige,589,600,11
Vendenheim,5559,5600,41
Littenheim,284,300,16
Bietlenheim,283,300,17
Schleithal,1437,1500,63
Ingolsheim,287,300,13
Eckartswiller,450,500,50
Mittelbergheim,653,700,47
Geispolsheim,7074,7100,26
Ohnenheim,882,900,18
Neewiller-près-Lauterbourg,653,700,47
Donnenheim,259,300,41
Harskirchen,852,900,48
Thanvillé,591,600,9
Hangenbieten,1469,1500,31
Zehnacker,263,300,37
Dehlingen,375,400,25
Rosenwiller,674,700,26
Bosselshausen,177,200,23
Dambach,796,800,4
Scheibenhard,822,900,78
Adamswiller,392,400,8
Entzheim,1752,1800,48
Ratzwiller,252,300,48
Bossendorf,372,400,28
Schœnenbourg,670,700,30
Traenheim,690,700,10
Triembach-au-Val,460,500,40
Eschbourg,493,500,7
Oberhaslach,1780,1800,20
Wisches,2195,2200,5
Otterswiller,1366,1400,34
Schiltigheim,30952,31100,148
Hegeney,380,400,20
Wintzenbach,595,600,5
Ringeldorf,87,100,13
Avolsheim,728,800,72
Kirrberg,178,200,22
Rhinau,2696,2700,4
Uttwiller,170,200,30
Rimsdorf,292,300,8
Kindwiller,586,600,14
Weiterswiller,571,600,29
Schœnbourg,442,500,58
Walbourg,795,800,5
Gunstett,698,700,2
Biblisheim,348,400,52
Hessenheim,582,600,18
Friesenheim,637,700,63
Oberhausbergen,4835,5000,165
Retschwiller,278,300,22
Kienheim,594,600,6
Wolfskirchen,352,400,48
Mommenheim,1768,1800,32
Niederhaslach,1389,1400,11
Windstein,172,200,28
Neuwiller-lès-Saverne,1147,1200,53
Itterswiller,267,300,33
Sélestat,19197,19300,103
Heidolsheim,469,500,31
Schirmeck,2429,2500,71
Hunspach,680,700,20
Hindisheim,1392,1400,8
Mertzwiller,3488,3500,12
Willgottheim,1077,1100,23
Sermersheim,791,800,9
Ebersmunster,465,500,35
Wolfisheim,3955,4000,45
Melsheim,584,600,16
Hinsingen,81,100,19
Uttenheim,572,600,28
Colroy-la-Roche,478,500,22
Hœnheim,10495,10500,5
Westhouse,1398,1400,2
Breitenbach,698,700,2
Asswiller,285,300,15
Steinbourg,1979,2000,21
Wilwisheim,693,700,7
Dieffenthal,256,300,44
Châtenois,4088,4100,12
Tieffenbach,290,300,10
Bourgheim,574,600,26
Reipertswiller,934,1000,66
Eschau,4776,4800,24
Brumath,9880,9900,20
Wingen,453,500,47
Weitbruch,2656,2700,44
Geiswiller,198,200,2
Crœttwiller,170,200,30
La Wantzenau,5902,6000,98
Zeinheim,195,200,5
Schaffhouse-sur-Zorn,385,400,15
Oberbronn,1528,1600,72
Kuttolsheim,663,700,37
Hengwiller,178,200,22
Reichstett,4397,4500,103
Langensoultzbach,913,1000,87
Volksberg,346,400,54
Birkenwald,291,300,9
Reutenbourg,386,400,14
Haguenau,34280,35100,820
La Walck,1147,1200,53
Reinhardsmunster,473,500,27
Blaesheim,1283,1300,17
Niedersoultzbach,252,300,48
Belmont,177,200,23
Neuviller-la-Roche,395,400,5
Rexingen,196,200,4
Niederhausbergen,1295,1300,5
Mutzig,5664,5800,136
Schirrhein,2180,2200,20
Mussig,1151,1200,49
Duppigheim,1548,1600,52
Saales,850,900,50
Wangenbourg-Engenthal,1369,1400,31
Achenheim,2168,2200,32
Uttenhoffen,175,200,25
La Vancelle,382,400,18
Wolxheim,874,900,26
Erckartswiller,297,300,3
Schwindratzheim,1585,1600,15
Thal-Drulingen,176,200,24
Nothalten,464,500,36
Neuhaeusel,359,400,41
Morschwiller,564,600,36
Rothau,1589,1600,11
Gungwiller,278,300,22
Lingolsheim,16441,16800,359
Gottenhouse,382,400,18
Schwenheim,661,700,39
Valff,1254,1300,46
Neubois,659,700,41
Uhrwiller,693,700,7
Landersheim,188,200,12
Rott,472,500,28
Albé,472,500,28
Uberach,1196,1200,4
Sparsbach,260,300,40
Wissembourg,7803,7900,97
Preuschdorf,962,1000,38
Stundwiller,485,500,15
Drachenbronn-Birlenbach,943,1000,57
Wittelsheim,10268,10400,132
Steinsoultz,783,800,17
Muespach,854,900,46
Aspach-le-Bas,1329,1400,71
Biederthal,308,400,92
Ranspach-le-Bas,673,700,27
Wettolsheim,1684,1700,16
Zimmerbach,855,900,45
Rimbach-près-Masevaux,495,500,5
Winkel,346,400,54
Wasserbourg,462,500,38
Neuf-Brisach,2017,2100,83
Moosch,1738,1800,62
Rouffach,4574,4600,26
Bantzenheim,1639,1700,61
Magstatt-le-Haut,272,300,28
Zellenberg,369,400,31
Montreux-Vieux,883,900,17
Illhaeusern,698,700,2
Schlierbach,1169,1200,31
Riquewihr,1203,1300,97
Urbès,460,500,40
Gommersdorf,366,400,34
Bettendorf,481,500,19
Buethwiller,268,300,32
Thannenkirch,476,500,24
Lautenbach,1576,1600,24
Lutter,296,300,4
Elbach,260,300,40
Sondernach,656,700,44
Ostheim,1588,1600,12
Niedermorschwihr,547,600,53
Goldbach-Altenbach,285,300,15
Henflingen,198,200,2
Bitschwiller-lès-Thann,2028,2100,72
Heiwiller,189,200,11
Aubure,398,400,2
Munwiller,456,500,44
Bollwiller,3597,3600,3
Bergheim,1895,1900,5
Kingersheim,12779,13100,321
Biltzheim,378,400,22
Helfrantzkirch,759,800,41
Osenbach,885,900,15
Feldbach,458,500,42
Levoncourt,251,300,49
Altenach,386,400,14
Ruelisheim,2365,2400,35
Tagolsheim,691,700,9
Wolschwiller,476,500,24
Breitenbach-Haut-Rhin,848,900,52
Soultzeren,1182,1200,18
Wintzenheim,7592,7600,8
Illzach,14596,14600,4
Liebenswiller,198,200,2
Ferrette,846,900,54
Oberdorf,573,600,27
Riedwihr,396,400,4
Wittenheim,14194,14300,106
Saint-Cosme,85,100,15
Saint-Amarin,2387,2500,113
Kiffis,236,300,64
Landser,1562,1600,38
Attenschwiller,895,900,5
Sternenberg,161,200,39
Sainte-Marie-aux-Mines,5495,5500,5
Steinbach,1286,1300,14
Lapoutroie,1991,2000,9
Wildenstein,191,200,9
Magny,294,300,6
Vieux-Thann,2886,2900,14
Husseren-les-Châteaux,497,500,3
Bretten,169,200,31
Sigolsheim,1172,1200,28
Valdieu-Lutran,391,400,9
Le Bonhomme,827,900,73
Ranspach-le-Haut,598,600,2
Niederhergheim,969,1000,31
Oberlarg,152,200,48
Soultzbach-les-Bains,673,700,27
Hattstatt,819,900,81
Uffholtz,1592,1600,8
Wolfersdorf,374,400,26
Urschenheim,696,700,4
Hunawihr,597,600,3
Katzenthal,549,600,51
Saint-Hippolyte,1043,1100,57
Merxheim,1286,1300,14
Magstatt-le-Bas,473,500,27
Flaxlanden,1462,1500,38
Soppe-le-Haut,564,600,36
Steinbrunn-le-Haut,587,600,13
Sainte-Croix-aux-Mines,1997,2100,103
Luttenbach-près-Munster,765,800,35
Baltzenheim,583,600,17
Ammerschwihr,1864,1900,36
Muhlbach-sur-Munster,755,800,45
Thann,7929,8000,71
Ribeauville,4843,4900,57
Bisel,574,600,26
Walbach,872,900,28
Bouxwiller,456,500,44
Obermorschwihr,365,400,35
Gildwiller,292,300,8
Beblenheim,973,1000,27
Geishouse,486,500,14
Lautenbachzell,977,1000,23
Oberhergheim,1176,1200,24
Soultz-Haut-Rhin,7267,7300,33
Bischwihr,974,1000,26
Ottmarsheim,1899,1900,1
Roderen,895,900,5
Guémar,1382,1400,18
Falkwiller,187,200,13
Buhl,3275,3300,25
Heimersdorf,655,700,45
Fessenheim,2276,2300,24
Storckensohn,238,300,62
Emlingen,268,300,32
Lauw,962,1000,38
Volgelsheim,2401,2500,99
Roppentzwiller,721,800,79
Horbourg-Wihr,4931,5000,69
Bellemagny,191,200,9
Griesbach-au-Val,748,800,52
Brunstatt,6125,6200,75
Eschbach-au-Val,378,400,22
Uffheim,880,900,20
Wuenheim,798,800,2
Luemschwiller,697,700,3
Kunheim,1763,1800,37
Bennwihr,1281,1300,19
Werentzhouse,575,600,25
Rixheim,12996,13100,104
Schwoben,259,300,41
Hartmannswiller,663,700,37
Wickerschwihr,779,800,21
Sentheim,1596,1600,4
Guebwiller,11461,11600,139
Roggenhouse,482,500,18
Bergholtz,1081,1100,19
Aspach,1144,1200,56
Rombach-le-Franc,855,900,45
Mulhouse,109588,111900,2312
Waltenheim,562,600,38
Kientzheim,759,800,41
Oullins,25152,25700,548
Marcilly-d'Azergues,887,900,13
Neuville-sur-Saône,7275,7400,125
Thizy,2393,2400,7
Saint-Didier-sous-Riverie,1178,1200,22
Saint-Appolinaire,164,200,36
Collonges-au-Mont-d'Or,3790,3800,10
Lissieu,3065,3200,135
Cours-la-Ville,3857,3900,43
Saint-Martin-en-Haut,3849,3900,51
Propières,470,500,30
Charbonnières-les-Bains,4698,4700,2
Sainte-Consorce,1872,1900,28
Halles,462,500,38
Saint-Étienne-la-Varenne,693,700,7
Jonage,5768,5800,32
Saint-Igny-de-Vers,597,600,3
Montrottier,1347,1400,53
Sainte-Colombe,1897,1900,3
Bibost,496,500,4
Ville-sur-Jarnioux,784,800,16
Saint-Nizier-d'Azergues,698,700,2
Gleizé,7639,7700,61
Marcy,634,700,66
Saint-Mamert,61,100,39
Jarnioux,591,600,9
Joux,662,700,38
Chaponost,7978,8000,22
Courzieu,1161,1200,39
Saint-Fons,16666,17100,434
Toussieu,2389,2400,11
Le Perréon,1395,1400,5
Saint-Genis-les-Ollières,4640,4700,60
Saint-Vérand,1094,1100,6
Saint-Andéol-le-Château,1564,1600,36
Riverie,284,300,16
Saint-Bonnet-des-Bruyères,374,400,26
Saint-Laurent-de-Vaux,256,300,44
Sarcey,891,900,9
Couzon-au-Mont-d'Or,2527,2600,73
Montmelas-Saint-Sorlin,385,400,15
Ambérieux,572,600,28
Lamure-sur-Azergues,1048,1100,52
Charnay,1076,1100,24
Alix,692,700,8
Saint-Sorlin,671,700,29
Bagnols,695,700,5
Brignais,11350,11400,50
Trèves,695,700,5
Saint-Romain-en-Gal,1687,1700,13
Lacenas,896,900,4
Duerne,770,800,30
Longessaigne,598,600,2
Jons,1298,1300,2
Saint-Romain-au-Mont-d'Or,1024,1100,76
Cenves,395,400,5
Saint-Vincent-de-Reins,673,700,27
Chambost-Allières,784,800,16
Chamelet,676,700,24
Ronno,598,600,2
Bron,38717,39100,383
La Mulatière,6480,6500,20
Écully,17998,18000,2
Chaussan,972,1000,28
Sérézin-du-Rhône,2488,2500,12
Dième,187,200,13
Saint-Loup,979,1000,21
Chiroubles,378,400,22
Saint-André-la-Côte,282,300,18
Feyzin,9237,9300,63
Quincié-en-Beaujolais,1199,1200,1
Monsols,959,1000,41
Dracé,962,1000,38
Saint-Clément-les-Places,655,700,45
Saint-Jean-des-Vignes,388,400,12
Givors,19118,19500,382
Chasselay,2672,2700,28
Sainte-Foy-lès-Lyon,21742,22200,458
Ancy,580,600,20
Ancier,475,500,25
Vy-le-Ferroux,175,200,25
Chenevrey-et-Morogne,264,300,36
Esprels,699,700,1
Vellemoz,85,100,15
Mersuay,270,300,30
Noidans-lès-Vesoul,2076,2100,24
Villers-sur-Saulnot,156,200,44
Étrelles-et-la-Montbleuse,85,100,15
Le Tremblois,187,200,13
Jussey,1766,1800,34
Châteney,51,100,49
Betaucourt,159,200,41
La Lanterne-et-les-Armonts,185,200,15
Vantoux-et-Longevelle,157,200,43
Citey,98,100,2
Mollans,244,300,56
Beaumotte-Aubertans,495,500,5
Cugney,183,200,17
Conflandey,399,400,1
Lambrey,85,100,15
Cuve,163,200,37
Fontenois-la-Ville,144,200,56
Mantoche,481,500,19
Thiénans,85,100,15
Étuz,670,700,30
Bouhans-et-Feurg,281,300,19
La Résie-Saint-Martin,163,200,37
Échavanne,198,200,2
Bâties,79,100,21
Georfans,64,100,36
Noiron,64,100,36
Frasne-le-Château,291,300,9
Oigney,50,100,50
Velleguindry-et-Levrecey,156,200,44
Authoison,288,300,12
Vilory,86,100,14
Bucey-lès-Gy,649,700,51
Avrigney-Virey,392,400,8
Germigney,178,200,22
Gézier-et-Fontenelay,181,200,19
Menoux,288,300,12
Magnivray,171,200,29
Velloreille-lès-Choye,80,100,20
Palante,183,200,17
Vallerois-le-Bois,259,300,41
Betoncourt-lès-Brotte,99,100,1
Percey-le-Grand,93,100,7
Pontcey,278,300,22
Vanne,93,100,7
Breuches,735,800,65
Melincourt,249,300,51
Oiselay-et-Grachaux,397,400,3
Rosières-sur-Mance,77,100,23
La Longine,244,300,56
Onay,73,100,27
Autoreille,297,300,3
Chaumercenne,152,200,48
Haut-du-Them-Château-Lambert,449,500,51
Bresilley,175,200,25
Mélecey,163,200,37
Hautevelle,256,300,44
Chancey,161,200,39
Coulevon,193,200,7
Vauvillers,680,700,20
Hurecourt,56,100,44
Auvet-et-la-Chapelotte,246,300,54
Villers-la-Ville,164,200,36
Vouhenans,397,400,3
Creveney,52,100,48
Vesoul,15761,16300,539
Malbouhans,379,400,21
Roche-sur-Linotte-et-Sorans-les-Cordiers,72,100,28
Fondremand,173,200,27
Comberjon,173,200,27
Champlitte,1822,1900,78
Faucogney-et-la-Mer,589,600,11
Froideconche,1994,2000,6
Boursières,72,100,28
Montureux-lès-Baulay,170,200,30
Lomont,378,400,22
Marnay,1380,1400,20
Argillières,73,100,27
Conflans-sur-Lanterne,650,700,50
Purgerot,367,400,33
Sauvigney-lès-Pesmes,172,200,28
Scey-sur-Saône-et-Saint-Albin,1682,1700,18
La Quarte,70,100,30
Valay,685,700,15
Vaux-le-Moncelot,76,100,24
Larret,57,100,43
Bougey,83,100,17
La Creuse,74,100,26
Vezet,189,200,11
Beulotte-Saint-Laurent,71,100,29
Granges-le-Bourg,370,400,30
Choye,390,400,10
Pomoy,193,200,7
Saint-Barthélemy,1149,1200,51
Rignovelle,96,100,4
Velleminfroy,281,300,19
La Neuvelle-lès-Scey,176,200,24
Vitrey-sur-Mance,291,300,9
Dampierre-lès-Conflans,260,300,40
Faverney,981,1000,19
Navenne,1751,1800,49
Baignes,86,100,14
Courtesoult-et-Gatey,62,100,38
Vaivre-et-Montoille,2293,2300,7
Amblans-et-Velotte,389,400,11
Montcourt,67,100,33
Breurey-lès-Faverney,571,600,29
Brotte-lès-Ray,64,100,36
Loulans-Verchamp,473,500,27
Vellechevreux-et-Courbenans,155,200,45
Besnans,81,100,19
Ormenans,65,100,35
Montarlot-lès-Rioz,288,300,12
La Malachère,271,300,29
Achey,71,100,29
Lieucourt,79,100,21
Mont-Saint-Léger,65,100,35
La Proiselière-et-Langle,173,200,27
La Vernotte,71,100,29
Amance,699,700,1
Fontaine-lès-Luxeuil,1452,1500,48
Saint-Rémy,568,700,132
Villers-Vaudey,61,100,39
Quers,353,400,47
Châlonvillars,1244,1300,56
Cresancey,189,200,11
Vellefaux,464,500,36
Beaumotte-lès-Pin,278,300,22
Couthenans,777,800,23
Grammont,74,100,26
Grattery,199,200,1
Bonboillon,182,200,18
Cognières,97,100,3
Noroy-le-Bourg,482,500,18
Éhuns,260,300,40
Cornot,148,200,52
Luxeuil-les-Bains,7248,7500,252
Melin,61,100,39
Chagey,675,700,25
Lyoffans,396,400,4
Gray,6016,6100,84
Ferrières-lès-Scey,149,200,51
Greucourt,89,100,11
Autrey-lès-Gray,441,500,59
Traves,352,400,48
Villars-le-Pautel,161,200,39
Villafans,196,200,4
Denèvre,182,200,18
Esmoulins,157,200,43
Écuelle,86,100,14
La Rosière,86,100,14
Corre,588,600,12
Bourbévelle,79,100,21
Plainemont,58,100,42
Dambenoît-lès-Colombe,276,300,24
Sainte-Marie-en-Chaux,170,200,30
Héricourt,10349,10500,151
Senargent-Mignafans,285,300,15
Volon,66,100,34
Ambiévillers,81,100,19
Fretigney-et-Velloreille,683,700,17
Villers-lès-Luxeuil,342,400,58
Esmoulières,95,100,5
Froideterre,341,400,59
Passavant-la-Rochère,659,700,41
Montigny-lès-Cherlieu,177,200,23
Port-sur-Saône,2990,3000,10
Pin,694,700,6
Montdoré,67,100,33
La Roche-Morey,267,300,33
Le Val-de-Gouhenans,64,100,36
Thieffrans,177,200,23
Belfahy,80,100,20
Broye-Aubigney-Montseugny,457,500,43
Pennesières,171,200,29
Miellin,76,100,24
Tincey-et-Pontrebeau,83,100,17
Crevans-et-la-Chapelle-lès-Granges,260,300,40
Plancher-les-Mines,1092,1100,8
Beveuge,86,100,14
Aillevillers-et-Lyaumont,1677,1700,23
Anjeux,164,200,36
Oppenans,54,100,46
Saint-Ferjeux,80,100,20
Malvillers,73,100,27
Molay,72,100,28
Fleurey-lès-Saint-Loup,146,200,54
Montboillon,269,300,31
Gevigney-et-Mercey,470,500,30
Genevreuille,174,200,26
Chemilly,85,100,15
Vernois-sur-Mance,170,200,30
Montessaux,168,200,32
Saint-Loup-sur-Semouse,3460,3700,240
Provenchère,292,300,8
Gray-la-Ville,977,1000,23
Aroz,154,200,46
Pont-sur-l'Ognon,57,100,43
Villers-Bouton,166,200,34
Vy-lès-Filain,86,100,14
Venère,192,200,8
Vregille,173,200,27
Brussey,275,300,25
Faymont,255,300,45
Maussans,67,100,33
Lieffrans,60,100,40
Bousseraucourt,57,100,43
La Villedieu-en-Fontenette,184,200,16
Servance,846,900,54
Mélisey,1677,1700,23
Hyet,99,100,1
Chambornay-lès-Pin,352,400,48
Alaincourt,96,100,4
Mont-le-Vernois,156,200,44
Champtonnay,85,100,15
Colombotte,59,100,41
Augicourt,168,200,32
Autrey-le-Vay,71,100,29
Saponcourt,62,100,38
Vellexon-Queutrey-et-Vaudey,495,500,5
La Grande-Résie,84,100,16
Ainvelle,161,200,39
Fougerolles,3792,3800,8
Framont,196,200,4
Neurey-en-Vaux,164,200,36
Arc-lès-Gray,2598,2600,2
Amont-et-Effreney,175,200,25
Chambornay-lès-Bellevaux,162,200,38
Frédéric-Fontaine,264,300,36
Aboncourt-Gesincourt,232,300,68
Écromagny,166,200,34
Ormoiche,72,100,28
Secenans,159,200,41
Lucenay-l'Évêque,379,400,21
Culles-les-Roches,191,200,9
Sevrey,1421,1500,79
Ratenelle,371,400,29
Grury,541,600,59
Marly-sous-Issy,98,100,2
Le Villars,261,300,39
Bissy-sous-Uxelles,67,100,33
Saint-Racho,174,200,26
Montceaux-l'Étoile,269,300,31
Saint-Laurent-d'Andenay,1073,1100,27
Saint-Privé,84,100,16
Saint-Vallerin,271,300,29
Saint-Martin-Belle-Roche,1297,1300,3
Curtil-sous-Buffières,76,100,24
Sercy,99,100,1
Saint-Léger-sous-la-Bussière,261,300,39
Montjay,192,200,8
Savigny-sur-Grosne,174,200,26
Prizy,65,100,35
Berzé-le-Châtel,60,100,40
Amanzé,175,200,25
Gourdon,874,900,26
Varennes-Saint-Sauveur,1168,1200,32
Montagny-sur-Grosne,90,100,10
Tancon,583,600,17
Sancé,1881,1900,19
Bantanges,562,600,38
Auxy,987,1000,13
Guerreaux,254,300,46
Châtenay,160,200,40
Saint-Bonnet-de-Joux,798,800,2
Saint-Laurent-en-Brionnais,363,400,37
Saint-Bonnet-de-Vieille-Vigne,199,200,1
La Chapelle-sous-Dun,399,400,1
Neuvy-Grandchamp,788,800,12
Tournus,5849,6000,151
Laives,994,1000,6
Sailly,76,100,24
Sully,544,600,56
Chassy,345,400,55
Serrières,292,300,8
Torcy,3097,3100,3
Varennes-sous-Dun,591,600,9
Champagny-sous-Uxelles,82,100,18
Oudry,384,400,16
Bissey-sous-Cruchaud,347,400,53
Leynes,486,500,14
Saint-Bonnet-en-Bresse,467,500,33
Chasselas,173,200,27
La Chapelle-Thècle,478,500,22
La Vineuse,294,300,6
Saint-Forgeot,496,500,4
Clessy,261,300,39
Saint-Martin-du-Lac,259,300,41
Créot,79,100,21
Cortevaix,261,300,39
Pierre-de-Bresse,1965,2000,35
Dettey,93,100,7
Poisson,596,600,4
Mercurey,1291,1300,9
La Tagnière,249,300,51
Montchanin,5478,5500,22
Serley,574,600,26
Mancey,389,400,11
Bouhans,152,200,48
Cordesse,190,200,10
Châtel-Moron,86,100,14
Taizé,187,200,13
Vendenesse-sur-Arroux,590,600,10
Marmagne,1249,1300,51
Le Creusot,22783,23200,417
Dezize-lès-Maranges,194,200,6
Mouthier-en-Bresse,398,400,2
Digoin,8303,8600,297
Igé,878,900,22
La Chapelle-Saint-Sauveur,675,700,25
Bragny-sur-Saône,588,600,12
Saint-Germain-lès-Buxy,273,300,27
Montceau-les-Mines,19372,19700,328
Mussy-sous-Dun,371,400,29
Chevagny-sur-Guye,76,100,24
La Motte-Saint-Jean,1179,1200,21
Vendenesse-lès-Charolles,797,800,3
Suin,284,300,16
Coublanc,885,900,15
Mont-lès-Seurre,177,200,23
Flagy,181,200,19
Pressy-sous-Dondin,98,100,2
Saint-André-le-Désert,257,300,43
Ratte,385,400,15
Buffières,261,300,39
Le Rousset,253,300,47
Baron,288,300,12
Massy,61,100,39
Épertully,60,100,40
Saint-Maurice-lès-Châteauneuf,583,600,17
Blanot,164,200,36
Sainte-Croix,586,600,14
Montcony,286,300,14
Charnay-lès-Chalon,177,200,23
Montagny-près-Louhans,479,500,21
Juif,254,300,46
Saint-Julien-de-Jonzy,292,300,8
Beaubery,371,400,29
Nochize,95,100,5
Matour,1078,1100,22
Damerey,580,600,20
Cheilly-lès-Maranges,498,500,2
Cuiseaux,1791,1800,9
Lesme,186,200,14
Ouroux-sous-le-Bois-Sainte-Marie,71,100,29
Vérissey,51,100,49
Plottes,590,600,10
Saint-Jean-de-Vaux,399,400,1
Morlet,55,100,45
Saint-Eugène,174,200,26
Couches,1485,1500,15
Saint-Germain-en-Brionnais,187,200,13
Saint-Christophe-en-Brionnais,490,500,10
Bois-Sainte-Marie,198,200,2
Uchon,97,100,3
Saint-Léger-sous-Beuvray,474,500,26
Germagny,197,200,3
Saint-Edmond,369,400,31
La Petite-Verrière,52,100,48
Lans,881,900,19
Chiddes,77,100,23
Saint-Martin-la-Patrouille,53,100,47
Perrigny-sur-Loire,147,200,53
Sanvignes-les-Mines,4373,4400,27
Issy-l'Évêque,823,900,77
Fretterans,291,300,9
Anost,692,700,8
Jambles,479,500,21
Donzy-le-National,190,200,10
Lalheue,367,400,33
Grandvaux,82,100,18
La Comelle,185,200,15
Guerfand,181,200,19
Saint-Didier-en-Bresse,160,200,40
Bellevesvre,274,300,26
Saint-Bérain-sur-Dheune,577,600,23
Burzy,66,100,34
La Charmée,688,700,12
Saint-Martin-de-Lixy,91,100,9
Sainte-Radegonde,178,200,22
Massilly,374,400,26
Oyé,290,300,10
Dampierre-en-Bresse,167,200,33
Mâcon,34040,34300,260
Préty,562,600,38
Bussières,592,600,8
Cronat,570,600,30
Collonge-la-Madeleine,46,100,54
Saint-Vérand,178,200,22
Chalon-sur-Saône,44985,46000,1015
Torpes,394,400,6
Le Puley,86,100,14
Marizy,465,500,35
Saunières,87,100,13
La Loyère,473,500,27
Le Miroir,565,600,35
Saint-Huruge,63,100,37
Saint-Vincent-Bragny,982,1000,18
Montbellet,784,800,16
Sivignon,168,200,32
Charolles,2794,2800,6
Saint-Boil,471,500,29
La Chapelle-du-Mont-de-France,174,200,26
Beauvernois,90,100,10
Gilly-sur-Loire,478,500,22
Saint-Denis-de-Vaux,277,300,23
Donzy-le-Pertuis,157,200,43
Vindecy,260,300,40
Longepierre,183,200,17
Serrigny-en-Bresse,192,200,8
Flacey-en-Bresse,362,400,38
Saint-Maurice-lès-Couches,169,200,31
Tintry,80,100,20
Dompierre-sous-Sanvignes,71,100,29
Allerey-sur-Saône,785,800,15
Bordes,99,100,1
Uchizy,788,800,12
Gueugnon,7512,7800,288
Vitry-lès-Cluny,67,100,33
Saint-Gengoux-de-Scissé,597,600,3
La Chapelle-sous-Uchon,184,200,16
Montcoy,274,300,26
Écuisses,1670,1700,30
La Racineuse,160,200,40
Sampigny-lès-Maranges,162,200,38
Chauffailles,3922,4000,78
Saint-Martin-du-Tartre,158,200,42
Rosey,165,200,35
Toutenant,185,200,15
Dracy-lès-Couches,170,200,30
Baudemont,678,700,22
Bouzeron,152,200,48
Moroges,579,600,21
Sigy-le-Châtel,91,100,9
Charrecey,294,300,6
Saint-Symphorien-de-Marmagne,861,900,39
Varenne-Saint-Germain,675,700,25
Dommartin-lès-Cuiseaux,796,800,4
Blanzy,6633,6700,67
Loisy,585,600,15
Ballore,83,100,17
Saint-Maurice-des-Champs,61,100,39
Tramayes,978,1000,22
Fleurville,478,500,22
Charmoy,271,300,29
Trivy,272,300,28
Anglure-sous-Dun,170,200,30
Saint-Marcelin-de-Cray,182,200,18
Solutré-Pouilly,370,400,30
Mailly,153,200,47
Céron,287,300,13
Davayé,679,700,21
Saint-Eusèbe,1092,1100,8
Ménetreuil,390,400,10
La Clayette,1884,1900,16
Saint-Mard-de-Vaux,279,300,21
Mazille,399,400,1
Saint-Gengoux-le-National,1049,1100,51
Buxy,2182,2200,18
Ciry-le-Noble,2380,2400,20
Bey,796,800,4
Roussillon-en-Morvan,277,300,23
Virey-le-Grand,1281,1300,19
Châtenoy-le-Royal,5906,6000,94
Savianges,76,100,24
Sassangy,169,200,31
Saint-Maurice-en-Rivière,554,600,46
Baudrières,892,900,8
La Chapelle-au-Mans,258,300,42
Autun,14256,14900,644
Saint-Martin-d'Auxy,90,100,10
Épinac,2341,2400,59
Mesvres,789,800,11
Bourbon-Lancy,5260,5300,40
Mervans,1374,1400,26
Cussy-en-Morvan,458,500,42
Chardonnay,187,200,13
Champagnat,496,500,4
Passy,60,100,40
Sainte-Cécile,283,300,17
Maltat,284,300,16
Mont,195,200,5
Malay,250,300,50
Boyer,689,700,11
Nouans,284,300,16
Peray,63,100,37
Valennes,338,400,62
Parigné-le-Pôlin,1079,1100,21
Assé-le-Boisne,898,900,2
Pirmil,481,500,19
Dangeul,498,500,2
La Milesse,2385,2400,15
Saint-Denis-d'Orques,894,900,6
Le Mans,142626,143500,874
Sillé-le-Guillaume,2364,2400,36
Trangé,1385,1400,15
Ligron,481,500,19
Saint-Marceau,493,500,7
Ardenay-sur-Mérize,488,500,12
Poncé-sur-le-Loir,382,400,18
Vancé,340,400,60
Moncé-en-Saosnois,266,300,34
Ancinnes,896,900,4
Gesnes-le-Gandelin,968,1000,32
Saint-Paul-le-Gaultier,294,300,6
Berfay,364,400,36
Livet-en-Saosnois,76,100,24
Pincé,196,200,4
Chassé,174,200,26
Saint-Calez-en-Saosnois,170,200,30
Mamers,5473,5600,127
Poillé-sur-Vègre,654,700,46
Thorée-les-Pins,684,700,16
Dissé-sous-le-Lude,579,600,21
Saint-Rémy-de-Sillé,760,800,40
Allonnes,11064,11100,36
Beaumont-sur-Sarthe,2097,2100,3
Avèze,757,800,43
Yvré-l'Évêque,4375,4400,25
Arthezé,375,400,25
Contilly,144,200,56
Champrond,82,100,18
Saint-Rémy-des-Monts,680,700,20
Parcé-sur-Sarthe,2077,2100,23
Saint-Mars-sous-Ballon,880,900,20
Roullée,249,300,51
Melleray,485,500,15
Ruillé-sur-Loir,1173,1200,27
Sargé-lès-le-Mans,3541,3600,59
Nogent-le-Bernard,899,900,1
Saint-Gervais-de-Vic,383,400,17
Lhomme,910,1000,90
Chantenay-Villedieu,884,900,16
Maresché,869,900,31
Sillé-le-Philippe,1089,1100,11
Vaas,1570,1600,30
Juillé,472,500,28
Saint-Rémy-du-Val,561,600,39
Chérancé,383,400,17
Saint-Symphorien,561,600,39
Louailles,769,800,31
Malicorne-sur-Sarthe,1970,2000,30
Sainte-Osmane,194,200,6
Blèves,95,100,5
Saint-Christophe-en-Champagne,197,200,3
Chahaignes,766,800,34
Vouvray-sur-Loir,796,800,4
Saint-Germain-d'Arcé,382,400,18
Courcival,86,100,14
Saint-Pierre-de-Chevillé,360,400,40
Saint-Maixent,784,800,16
Ballon,1262,1300,38
Jauzé,94,100,6
Sainte-Jamme-sur-Sarthe,2077,2100,23
Grandchamp,166,200,34
Sougé-le-Ganelon,900,1000,100
Dehault,282,300,18
Courgenard,476,500,24
Notre-Dame-du-Pé,588,600,12
Piacé,361,400,39
La Chartre-sur-le-Loir,1461,1500,39
Coulongé,572,600,28
Yvré-le-Pôlin,1872,1900,28
Souligné-sous-Ballon,1160,1200,40
Verneil-le-Chétif,622,700,78
Saint-Calais,3419,3600,181
Marolles-lès-Saint-Calais,275,300,25
Sarcé,292,300,8
Longnes,360,400,40
La Chapelle-Saint-Aubin,2138,2200,62
Saint-Aubin-des-Coudrais,952,1000,48
Vezot,64,100,36
Lavenay,366,400,34
Maisoncelles,193,200,7
Montreuil-le-Henri,256,300,44
Flée,558,600,42
Pruillé-le-Chétif,1248,1300,52
Saint-Ouen-en-Champagne,197,200,3
Marolles-les-Braults,2155,2200,45
Neuvillalais,579,600,21
Bernay-en-Champagne,458,500,42
Étival-lès-le-Mans,2041,2100,59
Sceaux-sur-Huisne,584,600,16
Pezé-le-Robert,365,400,35
Saint-Martin-des-Monts,173,200,27
Mulsanne,4402,4500,98
Épineu-le-Chevreuil,286,300,14
Saint-Jean-des-Échelles,255,300,45
Courgains,597,600,3
Semur-en-Vallon,455,500,45
Pizieux,88,100,12
La Ferté-Bernard,9235,9300,65
Lavardin,740,800,60
Cormes,886,900,14
Fresnay-sur-Sarthe,2173,2200,27
Le Grand-Lucé,2043,2100,57
Conflans-sur-Anille,569,600,31
Bazouges-sur-le-Loir,1195,1200,5
Évaillé,398,400,2
Saint-Georges-le-Gaultier,539,600,61
Saint-Pavace,1855,1900,45
Neuvy-en-Champagne,378,400,22
Montfort-le-Gesnois,3083,3100,17
Thorigné-sur-Dué,1594,1600,6
La Chapelle-aux-Choux,276,300,24
Bonnétable,3994,4100,106
Cogners,195,200,5
Assé-le-Riboul,483,500,17
Domfront-en-Champagne,971,1000,29
La Chapelle-Saint-Rémy,894,900,6
Rouez,781,800,19
Montaillé,585,600,15
Courcemont,680,700,20
Chaufour-Notre-Dame,1097,1100,3
La Chapelle-du-Bois,888,900,12
René,377,400,23
Le Grez,389,400,11
Rahay,195,200,5
Mézières-sur-Ponthouin,673,700,27
Bessé-sur-Braye,2322,2400,78
La Bruère-sur-Loir,266,300,34
Montabon,785,800,15
Tresson,479,500,21
Jupilles,573,600,27
Dureil,68,100,32
Louvigny,183,200,17
Juigné-sur-Sarthe,1184,1200,16
La Flèche,15087,15400,313
Solesmes,1372,1400,28
Aubigné-Racan,2076,2100,24
La Guierche,1086,1100,14
Saint-Georges-de-la-Couée,173,200,27
Crannes-en-Champagne,354,400,46
Soulitré,688,700,12
Thoigné,164,200,36
Le Lude,4049,4100,51
Arçonnay,1852,1900,48
Souvigné-sur-Même,178,200,22
Villaines-sous-Lucé,682,700,18
Lombron,1961,2000,39
Avessé,376,400,24
Beaumont-Pied-de-Bœuf,495,500,5
Neufchâtel-en-Saosnois,978,1000,22
Saint-Pierre-du-Lorouër,375,400,25
Villaines-la-Carelle,171,200,29
Gréez-sur-Roc,384,400,16
Mansigné,1583,1600,17
Mayet,3191,3200,9
Notre-Dame-du-Cruet,188,200,12
Villarodin-Bourget,486,500,14
Crest-Voland,390,400,10
Saint-Vital,667,700,33
La Côte-d'Aime,861,900,39
Meyrieux-Trouet,281,300,19
Allues,1867,1900,33
Villarlurin,297,300,3
La Thuile,285,300,15
Saint-Pierre-de-Soucy,379,400,21
Avanchers-Valmorel,752,800,48
Grésy-sur-Isère,1261,1300,39
La Chapelle-du-Mont-du-Chat,255,300,45
Betton-Bettonet,297,300,3
Montgellafrey,67,100,33
Mâcot-la-Plagne,1782,1800,18
Montricher-Albanne,661,700,39
Puygros,362,400,38
Frontenex,1676,1700,24
Loisieux,185,200,15
Voglans,1681,1700,19
La Chambre,1162,1200,38
Saint-Martin-de-Belleville,2543,2700,157
Saint-Colomban-des-Villards,188,200,12
Saint-Pierre-de-Belleville,174,200,26
Sainte-Hélène-du-Lac,697,700,3
Doucy-en-Bauges,98,100,2
La Bridoire,1187,1200,13
Tournon,560,600,40
Le Noyer,182,200,18
Orelle,365,400,35
Flumet,848,900,52
Aillon-le-Vieux,175,200,25
Apremont,961,1000,39
Montsapey,79,100,21
Saint-Jean-d'Arves,289,300,11
Le Verneil,97,100,3
La Table,385,400,15
Brides-les-Bains,551,600,49
Fourneaux,759,800,41
Saint-Jean-de-Maurienne,8242,8500,258
Monthion,459,500,41
Saint-Marcel,663,700,37
Villard-sur-Doron,661,700,39
Montmélian,4039,4100,61
Arith,375,400,25
Lucey,280,300,20
Feissons-sur-Salins,196,200,4
Lanslevillard,465,500,35
Venthon,587,600,13
Hauteluce,828,900,72
Verthemex,171,200,29
Cevins,679,700,21
Arbin,782,800,18
Challes-les-Eaux,5087,5100,13
La Chapelle-Blanche,528,600,72
Conjux,183,200,17
Montaimont,160,200,40
Jacob-Bellecombette,3968,4200,232
Avressieux,473,500,27
Bassens,3717,3800,83
Traize,281,300,19
Champagny-en-Vanoise,679,700,21
Tours-en-Savoie,851,900,49
Saint-André,480,500,20
Sainte-Foy-Tarentaise,767,800,33
La Trinité,290,300,10
Entremont-le-Vieux,599,600,1
Motz,392,400,8
Saint-Pierre-d'Alvey,282,300,18
Saint-Sorlin-d'Arves,343,400,57
Sainte-Reine,158,200,42
Montvalezan,676,700,24
Albiez-Montrond,381,400,19
Saint-Jean-de-la-Porte,842,900,58
Salins-les-Thermes,947,1000,53
Modane,3495,3800,305
Queige,852,900,48
Aussois,667,700,33
Jarrier,471,500,29
Ontex,91,100,9
Francin,883,900,17
Barberaz,4598,4700,102
La Motte-Servolex,11101,11400,299
Saint-Franc,149,200,51
Saint-Cassin,758,800,42
Saint-Girod,581,600,19
Beaufort,2184,2200,16
Marcieux,185,200,15
Jarsy,284,300,16
Bramans,392,400,8
École,254,300,46
Saint-Pancrace,286,300,14
Villard-Léger,491,500,9
Feissons-sur-Isère,584,600,16
Villargondran,988,1000,12
Coise-Saint-Jean-Pied-Gauthier,1182,1200,18
Saint-Offenge-Dessus,274,300,26
Aiton,1774,1800,26
Saint-Martin-d'Arc,344,400,56
Moutiers,3821,3900,79
Villarembert,261,300,39
Saint-Alban-des-Villards,89,100,11
Saint-Michel-de-Maurienne,2776,2800,24
Vions,394,400,6
Val-d'Isère,1563,1600,37
Marthod,1372,1400,28
Cohennoz,156,200,44
Granier,371,400,29
Notre-Dame-du-Pré,271,300,29
Sollières-Sardières,190,200,10
Marches,2448,2500,52
Valmeinier,432,500,68
Césarches,391,400,9
Montendry,58,100,42
Fontcouverte-la-Toussuire,593,600,7
Verel-de-Montbel,292,300,8
Tignes,2178,2200,22
Andilly,778,800,22
Contamines-Montjoie,1193,1200,7
Mûres,680,700,20
Saxel,394,400,6
Machilly,957,1000,43
Gets,1248,1300,52
Montagny-les-Lanches,590,600,10
Chapeiry,775,800,25
Taninges,3398,3400,2
Megève,3705,3900,195
Menthon-Saint-Bernard,1873,1900,27
Combloux,2080,2100,20
Chavannaz,187,200,13
Duingt,884,900,16
Marnaz,5169,5300,131
Éloise,862,900,38
Clarafond-Arcine,895,900,5
Mésigny,686,700,14
La Clusaz,1874,1900,26
Choisy,1556,1600,44
Leschaux,265,300,35
Alex,985,1000,15
Thollon-les-Mémises,685,700,15
Saint-Jean-d'Aulps,1180,1200,20
Arthaz-Pont-Notre-Dame,1279,1300,21
Aviernoz,776,800,24
Vacheresse,775,800,25
Présilly,681,700,19
Saint-Sigismond,623,700,77
Ayse,1999,2000,1
Chessenaz,181,200,19
La Rivière-Enverse,451,500,49
Lornay,496,500,4
Nancy-sur-Cluses,442,500,58
Fessy,752,800,48
Lully,675,700,25
Novel,53,100,47
Giez,574,600,26
Reyvroz,477,500,23
Allèves,359,400,41
Saint-Ferréol,849,900,51
Neuvecelle,2564,2600,36
Saint-Pierre-en-Faucigny,5872,5900,28
Ville-en-Sallaz,683,700,17
Cernex,897,900,3
Gaillard,11181,11300,119
Marcellaz,775,800,25
Le Sappey,372,400,28
Châtel,1198,1200,2
Saint-Sixt,898,900,2
Sallanches,15531,15600,69
Bogève,1080,1100,20
Demi-Quartier,976,1000,24
Saint-Eustache,467,500,33
Usinens,359,400,41
Cercier,565,600,35
Champanges,858,900,42
La Côte-d'Arbroz,265,300,35
Verchaix,664,700,36
Nonglard,495,500,5
Le Grand-Bornand,2190,2200,10
Vinzier,748,800,52
Chamonix-Mont-Blanc,8972,9000,28
Contamine-sur-Arve,1593,1600,7
La Vernaz,294,300,6
Sallenôves,574,600,26
Étercy,698,700,2
Clefs,580,600,20
Thuile,965,1000,35
Houches,3018,3100,82
Saint-Jean-de-Tholome,879,900,21
Sixt-Fer-à-Cheval,796,800,4
Saint-Gervais-les-Bains,5694,5700,6
Viuz-la-Chiésaz,1262,1300,38
Bonnevaux,250,300,50
La Baume,251,300,49
Cluses,17408,18000,592
Évires,1294,1300,6
Ambilly,5890,5900,10
Rosay,274,300,26
Saint-Riquier-ès-Plains,590,600,10
Rouville,575,600,25
Callengeville,494,500,6
Richemont,483,500,17
Freulleville,355,400,45
Foucarmont,984,1000,16
Torcy-le-Petit,489,500,11
Malleville-les-Grès,155,200,45
Longueil,560,600,40
Sainte-Beuve-en-Rivière,191,200,9
Ernemont-la-Villette,195,200,5
Beuzeville-la-Guérard,183,200,17
Fontaine-en-Bray,159,200,41
Ocqueville,463,500,37
Ourville-en-Caux,1096,1100,4
Grémonville,392,400,8
Le Tilleul,691,700,9
Villequier,754,800,46
Manéglise,1141,1200,59
Haudricourt,465,500,35
Le Tréport,5255,5600,345
Saint-Laurent-de-Brèvedent,1397,1400,3
Bracquemont,880,900,20
Touffreville-sur-Eu,197,200,3
Auzouville-Auberbosc,266,300,34
Mélamare,772,800,28
Saint-Germain-d'Étables,269,300,31
Bierville,273,300,27
Bellencombre,687,700,13
Belmesnil,498,500,2
Normanville,578,600,22
Norville,895,900,5
Saint-Honoré,170,200,30
Fallencourt,192,200,8
Vieux-Manoir,683,700,17
Cléon,5606,5700,94
Notre-Dame-du-Parc,169,200,31
Petiville,1057,1100,43
Le Petit-Quevilly,21898,21900,2
Haussez,285,300,15
Sotteville-sur-Mer,357,400,43
Angiens,569,600,31
Esclavelles,387,400,13
Bois-Héroult,174,200,26
Oissel,11516,11600,84
Louvetot,685,700,15
Aubermesnil-Beaumais,462,500,38
Hautot-sur-Mer,1977,2000,23
Goderville,2891,2900,9
Lintot,460,500,40
Ménerval,191,200,9
Saint-Aubin-sur-Scie,1129,1200,71
Cléville,162,200,38
Sainte-Croix-sur-Buchy,676,700,24
Saint-Gilles-de-Crétot,399,400,1
Neuf-Marché,692,700,8
Roncherolles-sur-le-Vivier,1091,1100,9
Quincampoix,3081,3200,119
Cailleville,259,300,41
Ry,799,800,1
Roumare,1375,1400,25
Cottévrard,393,400,7
Royville,269,300,31
Flamets-Frétils,168,200,32
Anquetierville,361,400,39
Contremoulins,196,200,4
Villers-sous-Foucarmont,193,200,7
Criquiers,676,700,24
Ouville-la-Rivière,549,600,51
Sahurs,1285,1300,15
Saint-Eustache-la-Forêt,1072,1100,28
Étretat,1499,1500,1
Douvrend,489,500,11
Le Houlme,4019,4100,81
Beaussault,388,400,12
Mont-de-l'If,97,100,3
Haucourt,256,300,44
Brémontier-Merval,499,500,1
Elbeuf-en-Bray,398,400,2
Bretteville-Saint-Laurent,173,200,27
La Bouille,780,800,20
Thiouville,277,300,23
Le Grand-Quevilly,24930,25800,870
Villainville,299,300,1
Anceaumeville,699,700,1
Bornambusc,283,300,17
Sorquainville,170,200,30
Doudeville,2568,2600,32
Crasville-la-Mallet,164,200,36
Elbeuf,17178,17200,22
Belbeuf,2011,2100,89
Avesnes-en-Val,272,300,28
Quevillon,594,600,6
Saint-Martin-en-Campagne,1298,1300,2
Beaurepaire,476,500,24
Notre-Dame-de-Bliquetuit,693,700,7
Servaville-Salmonville,1059,1100,41
Morville-sur-Andelle,285,300,15
Hodeng-au-Bosc,585,600,15
Ferrières-en-Bray,1628,1700,72
Saint-Jean-de-la-Neuville,562,600,38
Saint-Aubin-Celloville,970,1000,30
Saint-Rémy-Boscrocourt,770,800,30
Blangy-sur-Bresle,2930,3100,170
Saint-Riquier-en-Rivière,163,200,37
Barentin,12108,12300,192
Drosay,189,200,11
Bénesville,185,200,15
Heugleville-sur-Scie,596,600,4
Yébleron,1375,1400,25
Ectot-l'Auber,582,600,18
Hermeville,373,400,27
Pissy-Pôville,1277,1300,23
Ingouville,248,300,52
Saint-Crespin,284,300,16
Greuville,370,400,30
Incheville,1334,1400,66
Auquemesnil,285,300,15
Maniquerville,477,500,23
Réalcamp,662,700,38
Robertot,189,200,11
Ménonval,192,200,8
Gerponville,382,400,18
Clasville,263,300,37
Millebosc,275,300,25
Foucart,358,400,42
Saint-Mards,187,200,13
Omonville,259,300,41
Sandouville,761,800,39
Claville-Motteville,268,300,32
Grandes-Ventes,1766,1800,34
Sommesnil,89,100,11
Valliquerville,1271,1300,29
Saint-Pierre-Lavis,197,200,3
Le Fossé,478,500,22
Isneauville,2490,2500,10
Saint-Georges-sur-Fontaine,881,900,19
Saint-Paër,1188,1200,12
La Folletière,66,100,34
La Vaupalière,983,1000,17
Bois-l'Évêque,483,500,17
Autigny,276,300,24
Cideville,296,300,4
Envermeu,2082,2100,18
Étainhus,1065,1100,35
Saint-Martin-du-Bec,568,600,32
Ermenouville,160,200,40
Criquetot-sur-Longueville,194,200,6
Saint-Aubin-le-Cauf,899,900,1
Lintot-les-Bois,186,200,14
La Chapelle-sur-Dun,187,200,13
Déville-lès-Rouen,10188,10200,12
Bailleul-Neuville,179,200,21
Maromme,11363,11600,237
Saint-André-sur-Cailly,891,900,9
Saint-Romain-de-Colbosc,3791,3800,9
Bosc-Bordel,440,500,60
Bec-de-Mortagne,686,700,14
Villers-Écalles,1788,1800,12
Hugleville-en-Caux,398,400,2
Saint-Martin-du-Vivier,1740,1800,60
Notre-Dame-de-Gravenchon,8101,8200,99
Varneville-Bretteville,289,300,11
Saint-Laurent-en-Caux,796,800,4
Saint-Martin-aux-Buneaux,671,700,29
Auzouville-l'Esneval,354,400,46
Molagnies,176,200,24
Bretteville-du-Grand-Caux,1278,1300,22
La Chaussée,489,500,11
Bosc-Bérenger,187,200,13
Lestanville,97,100,3
Bosc-le-Hard,1491,1500,9
Parc-d'Anxtot,579,600,21
Thérouldeville,587,600,13
Saint-Nicolas-de-Bliquetuit,564,600,36
La Chapelle-Saint-Ouen,99,100,1
Triquerville,377,400,23
Étalondes,1154,1200,46
Sainte-Marie-des-Champs,1476,1500,24
Caudebec-en-Caux,2279,2300,21
Notre-Dame-de-Bondeville,6987,7100,113
Bailly-en-Rivière,556,600,44
Montmain,1375,1400,25
Grainville-sur-Ry,450,500,50
Saint-Wandrille-Rançon,1176,1200,24
Pommeréval,394,400,6
Vibeuf,646,700,54
Fréville,864,900,36
Saint-Martin-le-Gaillard,296,300,4
Blacqueville,599,600,1
Sept-Meules,154,200,46
Saint-Denis-d'Aclon,162,200,38
Veules-les-Roses,551,600,49
Theuville-aux-Maillots,492,500,8
Saint-Nicolas-de-la-Haie,396,400,4
Le Bourg-Dun,445,500,55
Rainfreville,88,100,12
Aumale,2388,2400,12
Doudeauville,93,100,7
Bosc-Mesnil,287,300,13
Émanville,577,600,23
Bertrimont,238,300,62
Limpiville,348,400,52
Carville-Pot-de-Fer,99,100,1
La Vieux-Rue,463,500,37
Sigy-en-Bray,692,700,8
Sauqueville,359,400,41
Bacqueville-en-Caux,1797,1800,3
La Crique,367,400,33
Fontaine-le-Dun,882,900,18
Longmesnil,61,100,39
Bully,885,900,15
Nesle-Normandeuse,591,600,9
Mont-Saint-Aignan,19341,20000,659
Melleville,272,300,28
Belleville-sur-Mer,785,800,15
Paluel,464,500,36
Manneville-ès-Plains,265,300,35
Serqueux,1014,1100,86
Lamberville,169,200,31
Bonsecours,6567,6800,233
Gouchaupre,173,200,27
Dieppe,31963,33600,1637
Meulers,588,600,12
Estouteville-Écalles,469,500,31
Saint-Jacques-d'Aliermont,365,400,35
Fontaine-la-Mallet,2692,2700,8
Villy-sur-Yères,196,200,4
Sotteville-lès-Rouen,28835,30000,1165
Sasseville,292,300,8
Écalles-Alix,488,500,12
Angerville-la-Martel,898,900,2
Bourville,297,300,3
Vieux-Rouen-sur-Bresle,649,700,51
Morienne,173,200,27
Graimbouville,590,600,10
Neuville-Ferrières,594,600,6
Ricarville-du-Val,158,200,42
Mauny,172,200,28
Grand-Camp,668,700,32
Butot,296,300,4
Mésangueville,172,200,28
Épouville,2788,2800,12
Préaux,1642,1700,58
Le Mesnil-Lieubray,99,100,1
Oudalle,382,400,18
Sassetot-le-Malgardé,97,100,3
Ifs,52,100,48
Cressy,281,300,19
La Bellière,54,100,46
Saint-Aubin-sur-Mer,251,300,49
Grainville-la-Teinturière,1045,1100,55
Longroy,669,700,31
Sainte-Geneviève,284,300,16
Gueutteville,79,100,21
Neufchâtel-en-Bray,4827,4900,73
Bernières,661,700,39
Hénouville,1241,1300,59
Longueville-sur-Scie,996,1000,4
Martigny,478,500,22
Lillebonne,8944,9300,356
Saint-Valery-en-Caux,4434,4500,66
Saint-Ouen-du-Breuil,760,800,40
Sainte-Adresse,7548,7700,152
Bennetot,191,200,9
Raffetot,497,500,3
Hautot-le-Vatois,299,300,1
Moulineaux,894,900,6
Criquebeuf-en-Caux,373,400,27
Fécamp,19207,19400,193
Saint-Martin-au-Bosc,188,200,12
Rétonval,192,200,8
Saint-Pierre-le-Viger,283,300,17
Gonfreville-l'Orcher,9084,9100,16
Ardouval,176,200,24
Ancretteville-sur-Mer,196,200,4
Yport,949,1000,51
Fongueusemare,182,200,18
Vénestanville,178,200,22
Ronchois,187,200,13
Hodeng-Hodenger,274,300,26
Rogerville,1259,1300,41
Bosc-Hyons,399,400,1
Grumesnil,479,500,21
Hautot-sur-Seine,365,400,35
Touffreville-la-Cable,386,400,14
Daubeuf-Serville,381,400,19
Montigny,1143,1200,57
Touffreville-la-Corbeline,769,800,31
Cany-Barville,3056,3100,44
Lucy,168,200,32
Saint-Sauveur-d'Émalleville,1191,1200,9
Saint-Sylvain,185,200,15
Brametot,160,200,40
Turretot,1498,1500,2
Hattenville,670,700,30
Gaillefontaine,1311,1400,89
Beauvoir-en-Lyons,594,600,6
Butot-Vénesville,248,300,52
Bellengreville,461,500,39
Le Havre,175497,178800,3303
Cleuville,170,200,30
Beaubec-la-Rosière,473,500,27
Pierrecourt,484,500,16
Houdetot,171,200,29
Auzouville-sur-Saâne,148,200,52
Saint-Germain-sous-Doue,482,500,18
Bassevelle,352,400,48
Annet-sur-Marne,3239,3300,61
Limoges-Fourches,475,500,25
Isles-les-Meldeuses,771,800,29
Varreddes,1858,1900,42
Avon,13984,14200,216
Saint-Germain-Laxis,497,500,3
Touquin,1095,1100,5
Faÿ-lès-Nemours,478,500,22
Beaumont-du-Gâtinais,1164,1200,36
Blennes,562,600,38
Tigeaux,373,400,27
Noisy-Rudignon,586,600,14
Beton-Bazoches,781,800,19
Cély,1198,1200,2
Cocherel,592,600,8
Beauvoir,189,200,11
Dhuisy,276,300,24
Vernou-la-Celle-sur-Seine,2652,2700,48
Saint-Thibault-des-Vignes,6300,6400,100
Voinsles,576,600,24
Paroy,177,200,23
Mortery,177,200,23
Villemer,676,700,24
Le Mesnil-Amelot,861,900,39
Congis-sur-Thérouanne,1759,1800,41
Thénisy,277,300,23
Forfry,270,300,30
Vert-Saint-Denis,6966,7000,34
Courtacon,198,200,2
Amponville,385,400,15
Nanteau-sur-Lunain,671,700,29
Guermantes,1243,1300,57
Champeaux,768,800,32
Jutigny,576,600,24
Saint-Mammès,3179,3200,21
Montgé-en-Goële,688,700,12
Orly-sur-Morin,671,700,29
Courchamp,152,200,48
Ury,797,800,3
Ormesson,273,300,27
Tousson,367,400,33
Saint-Pierre-lès-Nemours,5617,5700,83
Bréau,351,400,49
Laval-en-Brie,455,500,45
Claye-Souilly,11026,11300,274
Chalautre-la-Petite,563,600,37
Champdeuil,638,700,62
Neufmoutiers-en-Brie,999,1000,1
Villeroy,694,700,6
Sourdun,1430,1600,170
Sablonnières,696,700,4
La Chapelle-Iger,159,200,41
Noyen-sur-Seine,378,400,22
Jouarre,4188,4200,12
Chelles,52779,52800,21
Mauperthuis,486,500,14
Pézarches,386,400,14
Chalautre-la-Grande,689,700,11
Saint-Sauveur-sur-École,1088,1100,12
Fontainebleau,15107,15400,293
Treuzy-Levelay,460,500,40
Baby,85,100,15
Bombon,908,1000,92
Saint-Méry,389,400,11
Saint-Rémy-la-Vanne,994,1000,6
Othis,6471,6500,29
Boissise-le-Roi,3572,3600,28
Marchémoret,554,600,46
Mons-en-Montois,482,500,18
Saint-Loup-de-Naud,894,900,6
Lizines,168,200,32
Mousseaux-lès-Bray,692,700,8
Voisenon,1046,1100,54
Clos-Fontaine,257,300,43
Gironville,179,200,21
Châtres,579,600,21
Boisdon,92,100,8
Vanvillé,169,200,31
Quiers,678,700,22
Fresnes-sur-Marne,654,700,46
Rouilly,486,500,14
Villemareuil,396,400,4
Burcy,148,200,52
Melz-sur-Seine,375,400,25
Ichy,164,200,36
Guercheville,285,300,15
Fontaine-Fourches,596,600,4
Sancy,384,400,16
Saints,1281,1300,19
Charmentray,261,300,39
Marêts,153,200,47
Esmans,886,900,14
Villenauxe-la-Petite,487,500,13
Aulnoy,386,400,14
Lescherolles,481,500,19
Champagne-sur-Seine,6485,6500,15
Vaux-le-Pénil,10866,11300,434
Sigy,47,100,53
Chailly-en-Bière,1997,2100,103
Saint-Germain-sur-École,359,400,41
Barbizon,1346,1500,154
Coutençon,285,300,15
Pringy,2498,2600,102
Ozoir-la-Ferrière,20268,20500,232
Tournan-en-Brie,8054,8200,146
Saint-Just-en-Brie,244,300,56
Boulancourt,366,400,34
Rampillon,795,800,5
Villuis,256,300,44
Montigny-Lencoup,1275,1300,25
Mondreville,364,400,36
Saint-Soupplets,3249,3300,51
Héricy,2548,2600,52
Messy,1089,1100,11
Argentières,388,400,12
Souppes-sur-Loing,5561,5700,139
Frétoy,155,200,45
Lognes,14560,15000,440
Saint-Brice,693,800,107
Changis-sur-Marne,1062,1100,38
La Chapelle-la-Reine,2596,2600,4
Solers,1253,1300,47
Chevru,1088,1100,12
Chamigny,1264,1300,36
Villebéon,457,500,43
Moret-sur-Loing,4330,4400,70
Germigny-sous-Coulombs,199,200,1
Everly,591,600,9
Recloses,699,700,1
Reuil-en-Brie,842,900,58
Thorigny-sur-Marne,9220,9400,180
Poigny,499,500,1
Bourron-Marlotte,2712,2800,88
Montereau-sur-le-Jard,563,600,37
Vulaines-lès-Provins,65,100,35
Grisy-sur-Seine,98,100,2
Fontains,263,300,37
Mouy-sur-Seine,364,400,36
Cannes-Écluse,2566,2600,34
Montcourt-Fromonville,2090,2100,10
Saint-Fiacre,384,400,16
Lissy,190,200,10
Nandy,5814,5900,86
Amillis,774,800,26
Blandy,760,800,40
Le Pin,1183,1200,17
Gesvres-le-Chapitre,169,200,31
Saint-Mars-Vieux-Maisons,268,300,32
Chartronges,279,300,21
Le Mée-sur-Seine,20609,20800,191
Bussières,461,500,39
Moussy-le-Vieux,1014,1100,86
La Grande-Paroisse,2591,2600,9
Veneux-les-Sablons,4799,4800,1
Barbey,193,200,7
La Madeleine-sur-Loing,337,400,63
Montigny-sur-Loing,2791,2800,9
Saint-Barthélemy,386,400,14
Coupvray,2705,2800,95
Douy-la-Ramée,290,300,10
Dormelles,882,900,18
Trocy-en-Multien,274,300,26
Grandpuits-Bailly-Carrois,992,1000,8
Citry,797,800,3
Mitry-Mory,18499,18500,1
Iverny,588,600,12
Nanteuil-sur-Marne,474,500,26
Samois-sur-Seine,2097,2100,3
Le Plessis-Placy,269,300,31
Vieux-Champagne,180,200,20
Pierre-Levée,466,500,34
Saint-Ouen-sur-Morin,559,600,41
May-en-Multien,883,900,17
Villeneuve-le-Comte,1778,1800,22
La Croix-en-Brie,667,700,33
Boitron,393,400,7
Écuelles,2479,2500,21
Fublaines,1186,1200,14
Chenoise,1290,1300,10
Villiers-sous-Grez,750,800,50
Saint-Jean-les-Deux-Jumeaux,1107,1200,93
Croissy-Beaubourg,2010,2100,90
Nantouillet,267,300,33
Lésigny,7442,7500,58
Villecerf,738,800,62
Féricy,593,600,7
Chambourcy,5872,6000,128
Orcemont,847,900,53
Adainville,759,800,41
Le Vésinet,16249,16300,51
Bailly,3914,4000,86
Maurepas,18679,18800,121
Saint-Léger-en-Yvelines,1484,1500,16
Montchauvet,288,300,12
Béhoust,476,500,24
Feucherolles,2908,3000,92
Brueil-en-Vexin,687,700,13
Bourdonné,490,500,10
Soindres,597,600,3
Évecquemont,786,800,14
Flexanville,574,600,26
Hargeville,397,400,3
Mureaux,30859,32300,1441
Fourqueux,4085,4100,15
Sartrouville,51150,51400,250
Rosay,385,400,15
La Verrière,5993,6100,107
Aulnay-sur-Mauldre,1158,1200,42
Croissy-sur-Seine,10048,10100,52
Médan,1456,1500,44
Montainville,561,600,39
Triel-sur-Seine,11598,11900,302
Autouillet,474,500,26
Courgent,378,400,22
Ecquevilly,3931,4200,269
Morainvilliers,2399,2400,1
Achères,19626,19700,74
Neauphlette,890,900,10
Boinvilliers,268,300,32
Bouafle,2132,2200,68
Fontenay-Saint-Père,995,1000,5
Follainville-Dennemont,1846,1900,54
Auffreville-Brasseuil,586,600,14
Millemont,251,300,49
Marly-le-Roi,16614,16900,286
Boissets,272,300,28
Davron,340,400,60
Sailly,379,400,21
Longnes,1467,1500,33
Ablis,3287,3300,13
Verneuil-sur-Seine,15178,15400,222
Andrésy,12174,12200,26
Bazoches-sur-Guyonne,591,600,9
Jumeauville,592,600,8
La Villeneuve-en-Chevrie,568,600,32
Flins-Neuve-Église,164,200,36
Limetz-Villez,1891,1900,9
L'Étang-la-Ville,4769,4800,31
Mondreville,369,400,31
Chavenay,1863,1900,37
Saint-Rémy-l'Honoré,1384,1400,16
Saint-Cyr-l'École,17401,17600,199
La Boissière-École,769,800,31
Bonnelles,1913,2000,87
Garancières,2382,2400,18
Versailles,86110,86700,590
Vaux-sur-Seine,4813,4900,87
Gambaiseuil,69,100,31
Guyancourt,27966,28600,634
Buc,5312,5400,88
Sonchamp,1577,1600,23
Vernouillet,9399,9400,1
Fontenay-le-Fleury,12732,12800,68
Crespières,1574,1600,26
Le Chesnay,28975,29300,325
Méricourt,391,400,9
Rocquencourt,3215,3300,85
Louveciennes,7245,7300,55
Maule,5801,5900,99
Mesnuls,874,900,26
Boissy-sans-Avoir,586,600,14
Prunay-le-Temple,394,400,6
Saint-Germain-en-Laye,40481,40900,419
Aubergenville,12020,12100,80
Voisins-le-Bretonneux,11730,12100,370
Auteuil,858,900,42
Villepreux,9871,9900,29
Osmoy,382,400,18
Montigny-le-Bretonneux,33337,34000,663
Noisy-le-Roi,7811,8000,189
Élancourt,26829,27300,471
Vert,788,800,12
Herbeville,287,300,13
Saint-Forget,474,500,26
Juziers,3773,3800,27
Gaillon-sur-Montcient,665,700,35
Viroflay,15905,16100,195
Villennes-sur-Seine,5085,5100,15
Le Tremblay-sur-Mauldre,969,1000,31
Clairefontaine-en-Yvelines,790,800,10
Aigremont,1099,1100,1
La Hauteville,176,200,24
Saint-Rémy-lès-Chevreuse,7922,8000,78
Houdan,3289,3300,11
Rochefort-en-Yvelines,960,1000,40
Chapet,1180,1200,20
Andelu,493,500,7
Frontenay-Rohan-Rohan,2982,3000,18
Chenay,485,500,15
Ensigné,283,300,17
Montalembert,274,300,26
Lezay,2066,2100,34
Groseillers,67,100,33
Ménigoute,878,900,22
Loubillé,378,400,22
Saint-Rémy,1027,1100,73
Magné,2820,2900,80
Limalonges,873,900,27
Avon,79,100,21
La Chapelle-Pouilloux,192,200,8
Chef-Boutonne,2126,2200,74
Missé,863,900,37
Marigny,891,900,9
Niort,57325,58100,775
Assais-les-Jumeaux,771,800,29
Saint-Léger-de-la-Martinière,986,1000,14
Villefollet,199,200,1
Saint-Loup-Lamairé,942,1000,58
Saint-Jean-de-Thouars,1344,1400,56
Neuvy-Bouin,486,500,14
Saint-André-sur-Sèvre,646,700,54
Ulcot,58,100,42
Fontenille-Saint-Martin-d'Entraigues,591,600,9
Saint-Christophe-sur-Roc,593,600,7
Saint-Maixent-l'École,7483,7500,17
Fenioux,688,700,12
Massais,572,600,28
Le Chillou,182,200,18
Saint-Hilaire-la-Palud,1597,1600,3
Épannes,775,800,25
Lusseray,166,200,34
Sepvret,583,600,17
Coutières,156,200,44
Saint-Romans-lès-Melle,682,700,18
Prailles,658,700,42
Brûlain,683,700,17
Lorigné,279,300,21
Villiers-en-Bois,144,200,56
Sainte-Eanne,671,700,29
Airvault,3074,3100,26
Brion-près-Thouet,757,800,43
Saint-Marc-la-Lande,359,400,41
Azay-sur-Thouet,1098,1100,2
Alleuds,296,300,4
Bougon,184,200,16
Nanteuil,1670,1700,30
Coulonges-sur-l'Autize,2373,2400,27
Villemain,167,200,33
Hanc,257,300,43
Cirières,963,1000,37
Le Retail,263,300,37
Saint-Varent,2496,2500,4
Thénezay,1476,1500,24
Vausseroux,350,400,50
Ardilleux,165,200,35
Pas-de-Jeu,395,400,5
Loubigné,162,200,38
Mazières-en-Gâtine,969,1000,31
Taizé,777,800,23
Sainte-Radegonde,1955,2000,45
Irais,199,200,1
Lageon,368,400,32
Scillé,380,400,20
Le Breuil-Bernard,472,500,28
Saint-Martin-lès-Melle,871,900,29
Saint-Jacques-de-Thouars,464,500,36
Pamplie,273,300,27
Villiers-sur-Chizé,165,200,35
Reffannes,374,400,26
Saurais,188,200,12
Chanteloup,986,1000,14
Saint-Martin-de-Bernegoue,793,800,7
La Peyratte,1145,1200,55
Thouars,9822,9900,78
Sciecq,582,600,18
Souvigné,869,900,31
Saint-Lin,365,400,35
Pouffonds,374,400,26
Maisontiers,185,200,15
Cersay,999,1000,1
Beaulieu-sous-Parthenay,664,700,36
Saint-Aubin-le-Cloud,1760,1800,40
Mairé-Levescault,569,600,31
Boisserolles,62,100,38
Saint-Pierre-des-Échaubrognes,1371,1400,29
Saint-Amand-sur-Sèvre,1287,1300,13
Vançais,266,300,34
Saint-Jouin-de-Marnes,585,600,15
Sainte-Gemme,380,400,20
Exoudun,589,600,11
Pougne-Hérisson,372,400,28
Messé,178,200,22
Pamproux,1678,1700,22
La Bataille,77,100,23
Saint-Coutant,261,300,39
Paizay-le-Tort,476,500,24
Saint-Romans-des-Champs,177,200,23
Asnières-en-Poitou,193,200,7
Pers,75,100,25
Montravers,379,400,21
La Couarde,262,300,38
Crézières,55,100,45
Bessines,1589,1600,11
Béceleuf,698,700,2
Brie,199,200,1
Oiron,961,1000,39
Caunay,167,200,33
Sainte-Verge,1438,1500,62
La Chapelle-Saint-Laurent,1854,1900,46
Sainte-Soline,348,400,52
Thorigny-sur-le-Mignon,85,100,15
Maisonnay,258,300,42
La Forêt-sur-Sèvre,2294,2300,6
Aubigny,178,200,22
Vouhé,368,400,32
Paizay-le-Chapt,265,300,35
Moyenneville,679,700,21
Mailly-Raineval,243,300,57
Méricourt-l'Abbé,571,600,29
Mézerolles,199,200,1
Balâtre,84,100,16
Fontaine-sur-Maye,152,200,48
Biaches,380,400,20
Ignaucourt,91,100,9
Saint-Maulvis,258,300,42
Quevauvillers,1099,1100,1
Berneuil,264,300,36
Clairy-Saulchoix,388,400,12
Avesnes-Chaussoy,69,100,31
Tailly,62,100,38
Barly,167,200,33
Bernes,299,300,1
Miannay,553,600,47
Vauchelles-les-Quesnoy,871,900,29
Lucheux,593,600,7
Béhencourt,355,400,45
Saint-Riquier,1261,1300,39
Louvrechy,199,200,1
Forceville,171,200,29
Quend,1381,1400,19
Saint-Gratien,369,400,31
Oisemont,1189,1200,11
Port-le-Grand,288,300,12
Bettembos,98,100,2
Malpart,66,100,34
Mouflers,87,100,13
Cerisy,481,500,19
Lihons,384,400,16
Harponville,168,200,32
Guyencourt-sur-Noye,164,200,36
Bourdon,383,400,17
Tilloy-lès-Conty,256,300,44
Frettemeule,295,300,5
Champien,295,300,5
Le Boisle,392,400,8
Sauvillers-Mongival,186,200,14
Thézy-Glimont,467,500,33
Framicourt,169,200,31
Dominois,195,200,5
Millencourt-en-Ponthieu,375,400,25
Bray-sur-Somme,1238,1300,62
Hallu,173,200,27
Bazentin,76,100,24
Bacouel-sur-Selle,474,500,26
Guillaucourt,387,400,13
Tilloloy,369,400,31
Vron,860,900,40
Hem-Hardinval,364,400,36
Inval-Boiron,93,100,7
Boismont,462,500,38
Monchy-Lagache,681,700,19
Neufmoulin,348,400,52
Arrest,869,900,31
Halloy-lès-Pernois,367,400,33
Bellancourt,480,500,20
Noyelles-en-Chaussée,259,300,41
Sailly-Saillisel,495,500,5
Morvillers-Saint-Saturnin,394,400,6
Senlis-le-Sec,283,300,17
Ville-sur-Ancre,279,300,21
Chuignolles,158,200,42
Louvencourt,268,300,32
Treux,243,300,57
Grattepanche,293,300,7
Péronne,7887,8100,213
Montonvillers,95,100,5
Hervilly,175,200,25
Pertain,382,400,18
Daours,773,800,27
Y,85,100,15
Bosquel,295,300,5
Beaucamps-le-Jeune,191,200,9
Ault,1697,1800,103
Bernaville,1094,1100,6
Morlancourt,365,400,35
Beaucamps-le-Vieux,1437,1500,63
Neuville-Coppegueule,583,600,17
Soyécourt,185,200,15
Grivillers,65,100,35
Arry,193,200,7
Talmas,1093,1100,7
Verpillières,166,200,34
Coisy,286,300,14
Rubempré,762,800,38
Chaussoy-Epagny,585,600,15
Aigneville,845,900,55
Le Cardonnois,99,100,1
Laucourt,176,200,24
Picquigny,1357,1400,43
Tincourt-Boucly,384,400,16
Éclusier-Vaux,88,100,12
Querrieu,673,700,27
Brassy,66,100,34
Harbonnières,1470,1500,30
Courcelles-sous-Thoix,53,100,47
Crémery,155,200,45
Buire-Courcelles,245,300,55
Villers-Campsart,137,200,63
Marquivillers,155,200,45
Carrépuis,288,300,12
Hornoy-le-Bourg,1664,1700,36
Licourt,395,400,5
Faverolles,155,200,45
Thennes,470,500,30
Salouël,4186,4500,314
Rancourt,185,200,15
Éterpigny,176,200,24
Moyencourt-lès-Poix,164,200,36
Estrées-sur-Noye,281,300,19
Sailly-le-Sec,356,400,44
Beaufort-en-Santerre,188,200,12
Thory,172,200,28
Jumel,358,400,42
Roiglise,174,200,26
Villers-Tournelle,161,200,39
Courtemanche,96,100,4
Sourdon,283,300,17
Aubigny,496,500,4
Bayencourt,83,100,17
Cerisy-Buleux,256,300,44
Ételfay,391,400,9
Boussicourt,78,100,22
Franqueville,167,200,33
Bonneville,346,400,54
Tertry,182,200,18
Épagne-Épagnette,577,600,23
Plachy-Buyon,892,900,8
Nesle-l'Hôpital,171,200,29
Wargnies,93,100,7
La Chaussée-Tirancourt,661,700,39
Villers-Bretonneux,4187,4200,13
Bécordel-Bécourt,164,200,36
Saigneville,393,400,7
Vergies,193,200,7
Liercourt,349,400,51
Riencourt,183,200,17
Quivières,170,200,30
Estrées-lès-Crécy,382,400,18
Buigny-lès-Gamaches,386,400,14
Éplessier,382,400,18
Woincourt,1450,1500,50
Ferrières,460,500,40
Sancourt,268,300,32
Yvrencheux,159,200,41
Rouvrel,272,300,28
Foucaucourt-en-Santerre,285,300,15
Bonnay,250,300,50
Montigny-les-Jongleurs,84,100,16
Rouvroy-en-Santerre,198,200,2
Vraignes-lès-Hornoy,87,100,13
Nampont,251,300,49
Camps-en-Amiénois,174,200,26
Le Meillard,168,200,32
Foucaucourt-Hors-Nesle,72,100,28
Longuevillette,77,100,23
Lesbœufs,157,200,43
Vrély,455,500,45
Domléger-Longvillers,284,300,16
Embreville,578,600,22
Hénencourt,192,200,8
Cannessières,85,100,15
Courcelles-au-Bois,86,100,14
Beauchamps,1056,1100,44
Esmery-Hallon,788,800,12
Bovelles,391,400,9
Roisel,1773,1800,27
Ramburelles,256,300,44
Ailly-sur-Somme,3157,3200,43
Huchenneville,663,700,37
Gratibus,169,200,31
Ailly-le-Haut-Clocher,895,900,5
Heilly,381,400,19
Brutelles,186,200,14
Maizicourt,191,200,9
Boisbergues,83,100,17
Dury,1267,1300,33
Prouzel,483,500,17
Frise,182,200,18
Léalvillers,181,200,19
Villers-sous-Ailly,189,200,11
Longueval,282,300,18
Flers,169,200,31
Flesselles,2066,2100,34
Bailleul,278,300,22
Démuin,495,500,5
Saulchoy-sous-Poix,53,100,47
Briquemesnil-Floxicourt,158,200,42
Driencourt,90,100,10
Erches,169,200,31
Camon,4590,4600,10
Méharicourt,578,600,22
Lamotte-Buleux,350,400,50
Oneux,382,400,18
Bouchoir,285,300,15
Drucat,866,900,34
Billancourt,183,200,17
Authieule,364,400,36
Forceville-en-Vimeu,268,300,32
Ham,4991,5200,209
Fouquescourt,162,200,38
Aizecourt-le-Bas,58,100,42
Moislains,1257,1300,43
Longpré-les-Corps-Saints,1664,1700,36
Longavesnes,85,100,15
Hyencourt-le-Grand,86,100,14
Frémontiers,147,200,53
Marché-Allouarde,71,100,29
Yzeux,265,300,35
Fresnoy-Andainville,97,100,3
Saint-Léger-sur-Bresle,84,100,16
Marchélepot,468,500,32
Gauville,385,400,15
Wiencourt-l'Équipée,256,300,44
Saint-Léger-lès-Domart,1870,1900,30
Vauvillers,275,300,25
Thièvres,61,100,39
Fourcigny,179,200,21
Ribemont-sur-Ancre,611,700,89
Francières,190,200,10
Pierregot,250,300,50
Mesnil-Saint-Georges,178,200,22
Offignies,66,100,34
Andechy,265,300,35
Agenvillers,193,200,7
Favières,457,500,43
Domart-en-Ponthieu,1171,1200,29
Bouchon,153,200,47
Mouflières,94,100,6
Long,658,700,42
Fressenneville,2257,2300,43
Herbécourt,194,200,6
Le Quesne,286,300,14
Aizecourt-le-Haut,81,100,19
Gapennes,257,300,43
Morcourt,274,300,26
Neslette,90,100,10
Devise,53,100,47
Punchy,78,100,22
Grivesnes,365,400,35
Fins,280,300,20
Machiel,160,200,40
Remiencourt,186,200,14
Mametz,165,200,35
Surcamps,72,100,28
Tœufles,275,300,25
Avelesges,48,100,52
Martainneville,396,400,4
Dommartin,352,400,48
Ablaincourt-Pressoir,265,300,35
Corbie,6388,6400,12
Maison-Ponthieu,280,300,20
Belloy-Saint-Léonard,86,100,14
Le Titre,384,400,16
Meigneux,162,200,38
Barleux,264,300,36
Assainvillers,144,200,56
Guerbigny,263,300,37
Rumigny,581,600,19
Bouvincourt-en-Vermandois,154,200,46
Chipilly,187,200,13
Saint-Germain-sur-Bresle,196,200,4
Méricourt-sur-Somme,191,200,9
Brouchy,567,600,33
Belloy-en-Santerre,166,200,34
Bergicourt,159,200,41
Vaire-sous-Corbie,269,300,31
La Neuville-Sire-Bernard,271,300,29
Hardecourt-aux-Bois,72,100,28
Estrébœuf,260,300,40
Cagny,1252,1300,48
Beaucourt-en-Santerre,175,200,25
Berteaucourt-les-Dames,1165,1200,35
Marlers,146,200,54
Laleu,98,100,2
L'Échelle-Saint-Aurin,54,100,46
Beaucourt-sur-l'Ancre,98,100,2
Suzanne,188,200,12
Goyencourt,95,100,5
Tours-en-Vimeu,881,900,19
Rambures,393,400,7
Grandcourt,188,200,12
Dromesnil,96,100,4
Breilly,469,500,31
Eppeville,1861,1900,39
Velennes,151,200,49
Beaumont-Hamel,188,200,12
Quesnoy-sur-Airaines,437,500,63
Mesnil-Domqueur,95,100,5
Noyelles-sur-Mer,773,800,27
Saint-Christ-Briost,463,500,37
Colincamps,92,100,8
Mareuil-Caubert,895,900,5
Terramesnil,284,300,16
Quesnoy-le-Montant,584,600,16
Glisy,570,600,30
Saint-Léger-lès-Authie,90,100,10
Senarpont,676,700,24
Bayonvillers,355,400,45
Laviéville,155,200,45
Creuse,190,200,10
Brocourt,96,100,4
Grouches-Luchuel,598,600,2
Sorel,173,200,27
Authuille,170,200,30
Lawarde-Mauger-l'Hortoy,182,200,18
Amiens,133448,134400,952
Assevillers,287,300,13
Yzengremer,556,600,44
Conteville,195,200,5
Neuville-au-Bois,172,200,28
Albert,9774,9800,26
Bougainville,451,500,49
La Neuville-lès-Bray,270,300,30
Oust-Marest,646,700,54
Cayeux-sur-Mer,2736,2900,164
Ayencourt,173,200,27
Béthencourt-sur-Mer,1042,1100,58
Poulainville,1271,1300,29
Raincheval,293,300,7
Villers-Faucon,658,700,42
Hesbécourt,57,100,43
Lamaronde,73,100,27
Nurlu,385,400,15
Aubercourt,73,100,27
Pissy,288,300,12
Bussy-lès-Poix,94,100,6
Ginchy,66,100,34
Vadencourt,99,100,1
Vaux-Marquenneville,77,100,23
Maricourt,166,200,34
Blangy-sous-Poix,193,200,7
Saint-Mard,194,200,6
Hamelet,473,500,27
Le Mesge,187,200,13
Frettecuisse,72,100,28
Montagne-Fayel,169,200,31
Vraignes-en-Vermandois,165,200,35
Domqueur,290,300,10
Sains-en-Amiénois,1170,1200,30
Molliens-Dreuil,844,900,56
Ochancourt,278,300,22
Humbercourt,255,300,45
Lignières-Châtelain,339,400,61
Dreuil-lès-Amiens,1273,1300,27
Tilloy-Floriville,387,400,13
Sainte-Segrée,59,100,41
La Chavatte,62,100,38
Chapelle,68,100,32
Contay,368,400,32
Cappy,540,600,60
Le Crotoy,2219,2300,81
Maucourt,158,200,42
Citerne,275,300,25
Mers-les-Bains,2960,3300,340
Biarre,64,100,36
Pont-Remy,1421,1500,79
La Vicogne,253,300,47
Estrées-Mons,569,600,31
Bertangles,585,600,15
Templeux-la-Fosse,143,200,57
Villecourt,62,100,38
Seux,162,200,38
Moulayrès,175,200,25
Rouairoux,369,400,31
Lacapelle-Ségalar,96,100,4
Appelle,66,100,34
Larroque,171,200,29
Saint-Gauzens,790,800,10
Naves,699,700,1
Le Masnau-Massuguiès,299,300,1
Lasfaillades,75,100,25
Castelnau-de-Montmiral,957,1000,43
Durfort,275,300,25
Lamontélarié,64,100,36
Jonquières,471,500,29
Milhars,253,300,47
Lédas-et-Penthiès,161,200,39
Montauriol,57,100,43
Saint-Juéry,6797,7000,203
Almayrac,293,300,7
Roussayrolles,71,100,29
Frausseilles,97,100,3
Saint-Lieux-Lafenasse,449,500,51
Sémalens,1979,2000,21
Donnazac,84,100,16
Mazamet,9995,10000,5
Lacapelle-Pinet,69,100,31
Montgey,287,300,13
Vieux,175,200,25
Espérausses,157,200,43
Saint-Amancet,174,200,26
Fraissines,93,100,7
Rayssac,248,300,52
Mont-Roc,177,200,23
Garrigues,287,300,13
Valence-d'Albigeois,1295,1300,5
Rouffiac,569,600,31
Mézens,398,400,2
Marnaves,78,100,22
Montredon-Labessonnié,2078,2100,22
Milhavet,86,100,14
Lacougotte-Cadoul,163,200,37
Castelnau-de-Brassac,763,800,37
Dourgne,1287,1300,13
Trévien,193,200,7
Cambon-lès-Lavaur,262,300,38
Brassac,1396,1400,4
Sérénac,483,500,17
Payrin-Augmontel,2188,2200,12
Fauch,490,500,10
Labastide-Rouairoux,1539,1600,61
Lacabarède,290,300,10
Saint-Jean-de-Vals,73,100,27
Viterbe,352,400,48
Belleserre,167,200,33
Sauveterre,179,200,21
Lasgraisses,374,400,26
Montirat,262,300,38
Salles,195,200,5
Lacaune,2603,2700,97
Labastide-de-Lévis,983,1000,17
Andouque,384,400,16
Montpinier,175,200,25
Lavaur,10148,10400,252
Serviès,597,600,3
Peyrole,491,500,9
Castanet,186,200,14
Lacrouzette,1731,1800,69
Carbes,177,200,23
Cuq,479,500,21
Puycelsi,474,500,26
Padiès,195,200,5
Curvalle,446,500,54
Saliès,781,800,19
Pratviel,82,100,18
Verdalle,948,1000,52
Loupiac,396,400,4
Blaye-les-Mines,3074,3100,26
Bournazel,177,200,23
Labarthe-Bleys,83,100,17
Alban,992,1000,8
Bannières,177,200,23
Graulhet,11955,12200,245
Saint-Amans-Soult,1677,1700,23
Teillet,456,500,44
Pont-de-Larn,2874,2900,26
Angles,531,600,69
Saint-Michel-de-Vax,68,100,32
Assac,156,200,44
Saint-Salvi-de-Carcavès,92,100,8
Aussillon,6459,6600,141
Penne,563,600,37
Moularès,271,300,29
Carlus,665,700,35
Puéchoursi,87,100,13
Mirandol-Bourgnounac,1084,1100,16
Puybegon,597,600,3
Péchaudier,180,200,20
Labastide-Dénat,375,400,25
Laboutarie,449,500,51
Arifat,156,200,44
Courris,82,100,18
Saint-Michel-Labadié,83,100,17
Le Sequestre,1543,1600,57
Le Vintrou,85,100,15
Le Fraysse,387,400,13
Missècle,93,100,7
Amarens,70,100,30
Saint-Salvy-de-la-Balme,556,600,44
Arfons,182,200,18
Cestayrols,478,500,22
Marsal,279,300,21
Carmaux,10116,10200,84
Aussac,276,300,24
Souel,186,200,14
Castres,42314,43000,686
Peyregoux,94,100,6
Roquemaure,386,400,14
Boissezon,389,400,11
Bernac,174,200,26
Loubers,93,100,7
Valderiès,838,900,62
Cammazes,298,300,2
Belcastel,196,200,4
Maurens-Scopont,174,200,26
Rivières,890,900,10
Teulat,484,500,16
Saint-Vincent,299,300,1
Montagudet,189,200,11
Gimat,185,200,15
Cayrac,499,500,1
Montjoi,181,200,19
Saint-Projet,299,300,1
Mirabel,992,1000,8
Génébrières,591,600,9
Saint-Cirice,168,200,32
Castelsarrasin,12770,13000,230
Auterive,61,100,39
Durfort-Lacapelette,798,800,2
Saint-Amans-du-Pech,193,200,7
Mansonville,273,300,27
Labarthe,365,400,35
Cumont,58,100,42
Bardigues,257,300,43
Labourgade,166,200,34
Montbarla,162,200,38
Saint-Loup,492,500,8
Moissac,12192,12300,108
Comberouger,293,300,7
Piquecos,399,400,1
Poupas,97,100,3
Sérignac,487,500,13
Espinas,176,200,24
Marsac,177,200,23
Roquecor,431,500,69
Le Causé,148,200,52
Brassac,260,300,40
Lizac,482,500,18
L'Honor-de-Cos,1571,1600,29
Montgaillard,99,100,1
Faudoas,291,300,9
Gramont,153,200,47
Montastruc,275,300,25
Touffailles,396,400,4
Féneyrols,170,200,30
Barthes,488,500,12
Auvillar,960,1000,40
Cayriech,259,300,41
Lacour,181,200,19
Léojac,1089,1100,11
Varen,674,700,26
Lacapelle-Livron,184,200,16
Puylaroque,671,700,29
Sauveterre,167,200,33
Cordes-Tolosannes,272,300,28
Lapenche,170,200,30
Puygaillard-de-Lomagne,61,100,39
Saint-Jean-du-Bouzet,65,100,35
Tréjouls,260,300,40
Saint-Nicolas-de-la-Grave,2140,2200,60
Montesquieu,785,800,15
Bourg-de-Visa,398,400,2
Lamagistère,1162,1200,38
Glatens,69,100,31
Monbéqui,587,600,13
Mouillac,92,100,8
Boudou,692,700,8
Claviers,583,600,17
La Londe-les-Maures,9870,10000,130
Sainte-Maxime,12938,13700,762
Rians,4197,4200,3
Ramatuelle,2183,2300,117
La Garde,25930,26200,270
Puget-sur-Argens,6587,6900,313
Sanary-sur-Mer,16429,17100,671
Hyères,54600,55100,500
La Valette-du-Var,20754,21400,646
Ollioules,12774,13000,226
Bargemon,1496,1500,4
Tanneron,1468,1500,32
Aups,2095,2100,5
La Martre,183,200,17
Évenos,2137,2200,63
Seillans,2530,2600,70
Adrets-de-l'Estérel,2629,2700,71
Châteauvieux,76,100,24
Draguignan,36391,36600,209
Moissac-Bellevue,284,300,16
Fréjus,51839,52700,861
Signes,2801,2900,99
Grimaud,4171,4300,129
Mons,863,900,37
Le Lavandou,5546,5800,254
Gassin,2853,2900,47
Baudinard-sur-Verdon,189,200,11
Toulon,164532,166700,2168
Châteaudouble,465,500,35
Aiguines,261,300,39
Tourtour,589,600,11
Saint-Raphaël,33603,34000,397
La Garde-Freinet,1746,1800,54
Artignosc-sur-Verdon,297,300,3
Artigues,199,200,1
Saint-Tropez,4532,5300,768
Le Revest-les-Eaux,3693,3700,7
Saint-Mandrier-sur-Mer,5750,6000,250
Le Castellet,4099,4300,201
Bandol,8028,8800,772
Trigance,163,200,37
Villes-sur-Auzon,1296,1300,4
Visan,1932,2000,68
Rasteau,798,800,2
Brantes,84,100,16
Uchaux,1386,1400,14
Caromb,3179,3200,21
Malaucène,2665,2700,35
Saint-Pierre-de-Vassols,493,500,7
Lioux,252,300,48
Le Pontet,16731,16900,169
Cavaillon,24951,25400,449
Méthamis,396,400,4
Richerenches,696,700,4
Peypin-d'Aigues,599,600,1
Sannes,173,200,27
Sorgues,18046,18200,154
Vitrolles-en-Lubéron,186,200,14
Lagnes,1681,1700,19
Vacqueyras,1050,1100,50
Puget,674,700,26
Auribeau,75,100,25
Gigondas,556,600,44
Séguret,869,900,31
Saint-Saturnin-lès-Avignon,4894,5000,106
Savoillan,94,100,6
Goult,1161,1200,39
Ménerbes,1104,1200,96
Valréas,9800,9900,100
Gignac,56,100,44
Vaugines,526,600,74
Buisson,278,300,22
Sablet,1219,1300,81
Saint-Pantaléon,186,200,14
Velleron,2958,3100,142
Le Beaucet,363,400,37
Fontaine-de-Vaucluse,668,700,32
Bollène,13843,14100,257
Orange,29135,29500,365
Avignon,89683,90100,417
Aurel,182,200,18
La Roque-Alric,64,100,36
Travaillan,665,700,35
Vaison-la-Romaine,6169,6200,31
Crestet,458,500,42
Saint-Hippolyte-le-Graveyron,164,200,36
Crillon-le-Brave,448,500,52
Gargas,2929,3000,71
La Jonchère,387,400,13
Liez,268,300,32
Vouvant,852,900,48
Breuil-Barret,645,700,55
Saint-Jean-de-Beugné,571,600,29
Loge-Fougereuse,363,400,37
Saint-Germain-de-Prinçay,1495,1500,5
Saint-Sulpice-en-Pareds,392,400,8
Saint-Valérien,493,500,7
Maillezais,968,1000,32
La Couture,197,200,3
Mervent,1068,1100,32
Saint-Aubin-des-Ormeaux,1299,1300,1
Pineaux,587,600,13
Saint-Denis-du-Payré,378,400,22
La Tardière,1298,1300,2
Saint-Malô-du-Bois,1476,1500,24
Saint-Martin-Lars-en-Sainte-Hermine,396,400,4
Bouillé-Courdault,481,500,19
Saint-Martin-des-Fontaines,162,200,38
Luçon,9636,9800,164
Sainte-Cécile,1497,1500,3
Sables-d'Olonne,14603,15000,397
Saint-Laurent-de-la-Salle,371,400,29
Saint-Aubin-la-Plaine,480,500,20
Saint-Cyr-en-Talmondais,349,400,51
Landes-Genusson,2290,2300,10
Saint-Pierre-le-Vieux,966,1000,34
Mortagne-sur-Sèvre,6028,6100,72
Saint-Florent-des-Bois,2574,2600,26
La Jaudonnière,592,600,8
Vouillé-les-Marais,690,700,10
L'Île-d'Yeu,4591,4800,209
Bazoges-en-Pareds,1167,1200,33
Saint-Mesmin,1788,1900,112
L'Hermenault,849,900,51
Chavagnes-les-Redoux,793,800,7
Bourneau,787,800,13
Menomblet,639,700,61
La Faute-sur-Mer,828,1000,172
Maillé,764,800,36
La Guérinière,1478,1500,22
Curzon,459,500,41
Tiffauges,1489,1500,11
Noirmoutier-en-l'Île,4567,4800,233
Saint-Prouant,1479,1500,21
Saint-Hilaire-le-Vouhis,980,1000,20
Saint-Pierre-du-Chemin,1355,1400,45
Barbâtre,1793,1800,7
La Puye,583,600,17
Voulon,399,400,1
Coussay,264,300,36
Coulombiers,1083,1100,17
Chatain,289,300,11
Craon,199,200,1
La Bussière,350,400,50
Pindray,255,300,45
Mairé,171,200,29
Chalandray,781,800,19
Chiré-en-Montreuil,880,900,20
Le Vigeant,669,700,31
La Chapelle-Bâton,353,400,47
Cherves,560,600,40
Gizay,384,400,16
Luchapt,284,300,16
Montmorillon,6387,6400,13
Ceaux-en-Loudun,599,600,1
Voulême,376,400,24
La Trimouille,971,1000,29
Roiffé,693,700,7
Saint-Saviol,497,500,3
Berthegon,279,300,21
Morton,372,400,28
Leigné-sur-Usseau,457,500,43
Moussac,484,500,16
La Chaussée,177,200,23
Saint-Macoux,485,500,15
Chasseneuil-du-Poitou,4492,4600,108
La Grimaudière,384,400,16
Liglet,298,300,2
Béthines,481,500,19
Leignes-sur-Fontaine,580,600,20
Sérigny,289,300,11
Saint-Léger-de-Montbrillais,389,400,11
Queaux,588,600,12
Maisonneuve,299,300,1
La Roche-Posay,1559,1600,41
Poitiers,87697,89300,1603
Civaux,964,1000,36
Gençay,1773,1800,27
Journet,368,400,32
Saint-Laurent-de-Jourdes,170,200,30
Maulay,195,200,5
Saint-Gaudent,297,300,3
Saint-Savin,893,900,7
Mirebeau,2175,2200,25
Scorbé-Clairvaux,2346,2400,54
Charroux,1169,1200,31
Ranton,189,200,11
Loudun,6989,7100,111
Bouresse,570,600,30
Coulonges,268,300,32
Couhé,1855,1900,45
Gouex,477,500,23
Plaisance,184,200,16
Martaizé,386,400,14
Chenevelles,487,500,13
Curzay-sur-Vonne,468,500,32
Romagne,855,900,45
Bourg-Archambault,196,200,4
Leigné-les-Bois,582,600,18
Mouterre-sur-Blourde,177,200,23
Brux,692,700,8
Fleix,156,200,44
Saint-Benoît,6991,7000,9
Lauthiers,77,100,23
Vellèches,388,400,12
Maillé,590,600,10
Orches,394,400,6
Saulgé,965,1000,35
Saint-Sauveur,1063,1100,37
Châtellerault,32459,33500,1041
Vicq-sur-Gartempe,696,700,4
Ingrandes,1774,1800,26
Lizant,469,500,31
Angles-sur-l'Anglin,385,400,15
Verrue,377,400,23
Massognes,283,300,17
Lavausseau,798,800,2
Yversay,287,300,13
Varennes,367,400,33
Saint-Christophe,356,400,44
Berrie,267,300,33
Ternay,180,200,20
Mazerolles,785,800,15
Champniers,359,400,41
Saint-Léomer,182,200,18
Thollet,170,200,30
Chaunay,1191,1200,9
Mauprévoir,678,700,22
Dercé,162,200,38
Champigny-le-Sec,1085,1100,15
Angliers,651,700,49
Saint-Secondin,552,600,48
Vouneuil-sur-Vienne,1988,2000,12
Tercé,1073,1100,27
Lussac-les-Châteaux,2346,2400,54
Chauvigny,6754,6900,146
Monthoiron,679,700,21
Salles-Lavauguyon,173,200,27
Rochechouart,3796,3800,4
Coussac-Bonneval,1338,1400,62
Bussière-Galant,1395,1400,5
Rempnat,151,200,49
Saint-Barbant,363,400,37
Moissannes,361,400,39
Neuvic-Entier,939,1000,61
Saint-Junien,11455,11500,45
Le Dorat,1757,1800,43
Grands-Chézeaux,254,300,46
Bujaleuf,874,900,26
Janailhac,477,500,23
Champagnac-la-Rivière,560,600,40
Linards,1094,1100,6
Le Buis,198,200,2
Eyjeaux,1193,1200,7
Châteauponsac,2160,2200,40
Mézières-sur-Issoire,860,900,40
Limoges,139150,140100,950
Saint-Yrieix-la-Perche,6910,7000,90
Maisonnais-sur-Tardoire,442,500,58
La Chapelle-Montbrandeix,249,300,51
Blanzac,485,500,15
Saint-Genest-sur-Roselle,474,500,26
Dinsac,258,300,42
Oradour-Saint-Genest,387,400,13
Saint-Mathieu,1160,1200,40
Beaumont-du-Lac,160,200,40
Condat-sur-Vienne,4692,4700,8
Saint-Priest-sous-Aixe,1591,1600,9
Gorre,395,400,5
Laurière,573,600,27
Cieux,962,1000,38
Magnac-Laval,1810,1900,90
La Bazeuge,154,200,46
Saint-Hilaire-les-Places,878,900,22
Thiat,170,200,30
Verneuil-Moustiers,147,200,53
Dournazac,665,700,35
Eymoutiers,2041,2100,59
Dompierre-les-Églises,373,400,27
Marval,584,600,16
Chamboret,772,800,28
Sainte-Marie-de-Vaux,191,200,9
Saint-Victurnien,1686,1700,14
Saint-Sylvestre,898,900,2
Jabreilles-les-Bordes,270,300,30
Lussac-les-Églises,490,500,10
Saint-Laurent-sur-Gorre,1393,1400,7
Saint-Junien-les-Combes,186,200,14
Cars,598,600,2
Saint-Sulpice-Laurière,866,900,34
Nantiat,1595,1600,5
Bessines-sur-Gartempe,2818,2900,82
Saint-Gilles-les-Forêts,54,100,46
Cheissoux,188,200,12
Aixe-sur-Vienne,5472,5500,28
La Croix-sur-Gartempe,184,200,16
Saint-Léonard-de-Noblat,4640,4700,60
Château-Chervix,785,800,15
Cromac,264,300,36
Saint-Georges-les-Landes,249,300,51
Darnac,376,400,24
Saint-Méard,382,400,18
Pensol,184,200,16
Azat-le-Ris,263,300,37
Sussac,352,400,48
Tersannes,157,200,43
Roussac,475,500,25
Bellac,4317,4400,83
Sainte-Anne-Saint-Priest,143,200,57
Peyrat-le-Château,983,1000,17
Roziers-Saint-Georges,187,200,13
Villefavard,155,200,45
Saint-Julien-le-Petit,299,300,1
Gajoubert,172,200,28
Malaincourt,91,100,9
Morelmaison,197,200,3
Éloyes,3272,3300,28
Forges,1996,2000,4
Mont-lès-Neufchâteau,281,300,19
Brantigny,192,200,8
Morville,54,100,46
Le Valtin,90,100,10
Crainvilliers,182,200,18
Madonne-et-Lamerey,397,400,3
Jeuxey,675,700,25
Bruyères,3248,3300,52
Grandrupt-de-Bains,86,100,14
Domjulien,194,200,6
La Chapelle-aux-Bois,668,700,32
Uriménil,1362,1400,38
Rehaupal,195,200,5
Vaudeville,167,200,33
Rozerotte,197,200,3
Jubainville,84,100,16
Le Mont,52,100,48
Légéville-et-Bonfays,54,100,46
Deinvillers,64,100,36
Pouxeux,1980,2000,20
Fiménil,263,300,37
Rouges-Eaux,81,100,19
Hagnéville-et-Roncourt,82,100,18
Pierrepont-sur-l'Arentèle,155,200,45
Domrémy-la-Pucelle,150,200,50
Oëlleville,286,300,14
Colroy-la-Grande,551,600,49
Vomécourt-sur-Madon,68,100,32
Pont-sur-Madon,159,200,41
Châtenois,1774,1800,26
Bouzemont,57,100,43
Xamontarupt,152,200,48
Bleurville,349,400,51
Begnécourt,172,200,28
Thiéfosse,576,600,24
Pont-lès-Bonfays,88,100,12
Docelles,970,1000,30
Hymont,480,500,20
Brû,585,600,15
La Bresse,4605,4700,95
Vincey,2264,2300,36
Saint-Baslemont,86,100,14
Dombrot-sur-Vair,253,300,47
Autreville,162,200,38
Le Val-d'Ajol,4032,4100,68
Bertrimoutier,358,400,42
Vittel,5452,5500,48
Xaronval,91,100,9
Autigny-la-Tour,186,200,14
Madegney,89,100,11
Chermisey,97,100,3
Doncières,148,200,52
Marainville-sur-Madon,83,100,17
Damas-aux-Bois,268,300,32
Harol,590,600,10
Celles-sur-Plaine,857,900,43
Dombrot-le-Sec,382,400,18
Épinal,32842,33000,158
Remomeix,458,500,42
Cheniménil,1135,1200,65
Thaon-les-Vosges,7989,8000,11
Ferdrupt,763,800,37
Saulxures-sur-Moselotte,2748,2800,52
Beaufremont,70,100,30
Gorhey,165,200,35
Gemmelaincourt,161,200,39
Sainte-Marguerite,2447,2500,53
Ollainville,69,100,31
Archettes,1080,1100,20
Remoncourt,596,600,4
Dombasle-devant-Darney,89,100,11
Velotte-et-Tatignécourt,164,200,36
Gugney-aux-Aulx,154,200,46
Vouxey,162,200,38
Fresse-sur-Moselle,1839,1900,61
Liézey,282,300,18
Raon-sur-Plaine,159,200,41
Lironcourt,71,100,29
Ameuvelle,59,100,41
Châtillon-sur-Saône,145,200,55
Jussarupt,288,300,12
Vrécourt,346,400,54
Moyenmoutier,3284,3300,16
Ambacourt,290,300,10
Gerbamont,373,400,27
Ramonchamp,1989,2000,11
Champdray,158,200,42
Arrentès-de-Corcieux,166,200,34
Rainville,291,300,9
Ortoncourt,82,100,18
Isches,184,200,16
La Petite-Fosse,91,100,9
Fignévelle,59,100,41
Méménil,155,200,45
Ainvelle,163,200,37
Nayemont-les-Fosses,891,900,9
Aroffe,99,100,1
Marey,66,100,34
Bayecourt,286,300,14
Xonrupt-Longemer,1569,1600,31
Saint-Ouen-lès-Parey,490,500,10
Tranqueville-Graux,84,100,16
Saint-Jean-d'Ormont,148,200,52
Esley,172,200,28
Provenchères-sur-Fave,896,900,4
Maconcourt,91,100,9
Saint-Pierremont,158,200,42
Lesseux,160,200,40
Rebeuville,247,300,53
Dogneville,1424,1500,76
Gironcourt-sur-Vraine,982,1000,18
Châtel-sur-Moselle,1645,1700,55
Estrennes,92,100,8
Boulaincourt,70,100,30
Puzieux,161,200,39
Mortagne,165,200,35
Regney,94,100,6
Vicherey,168,200,32
Longchamp-sous-Châtenois,92,100,8
Urville,66,100,34
Monthureux-le-Sec,165,200,35
Saint-Stail,72,100,28
Langley,192,200,8
Le Clerjus,582,600,18
Gigney,60,100,40
Arches,1690,1700,10
Darney-aux-Chênes,68,100,32
Dolaincourt,85,100,15
Pierrefitte,99,100,1
Sainte-Barbe,278,300,22
Saint-Maurice-sur-Mortagne,183,200,17
Raon-l'Étape,6528,6700,172
Gelvécourt-et-Adompt,85,100,15
Ahéville,59,100,41
Saint-Maurice-sur-Moselle,1492,1500,8
Jorxey,94,100,6
Cornimont,3546,3700,154
Avranville,89,100,11
La Houssière,571,600,29
Avillers,90,100,10
Denipaire,258,300,42
Bazien,92,100,8
Ménil-en-Xaintois,169,200,31
Repel,63,100,37
Bazoilles-sur-Meuse,595,600,5
Haillainville,171,200,29
La Petite-Raon,844,900,56
Savigny,190,200,10
Grandvillers,693,700,7
Senaide,188,200,12
Oncourt,175,200,25
Ubexy,168,200,32
They-sous-Montfort,150,200,50
Deycimont,294,300,6
Saint-Étienne-lès-Remiremont,3891,3900,9
Ableuvenettes,67,100,33
Fomerey,152,200,48
Housseras,483,500,17
Sercœur,262,300,38
La Neuveville-sous-Châtenois,374,400,26
Punerot,190,200,10
Sapois,648,700,52
Zincourt,90,100,10
Bussang,1565,1600,35
Aingeville,74,100,26
Madecourt,59,100,41
Valleroy-le-Sec,157,200,43
Basse-sur-le-Rupt,884,900,16
Fontenoy-le-Château,623,700,77
Pargny-sous-Mureau,192,200,8
Chaumousey,864,900,36
Gircourt-lès-Viéville,171,200,29
Sartes,99,100,1
Juvaincourt,188,200,12
Fouchécourt,46,100,54
Pleuvezain,84,100,16
Senones,2627,2800,173
Jainvillotte,87,100,13
Liffol-le-Grand,2384,2400,16
Fraize,3059,3100,41
Saulxures-lès-Bulgnéville,256,300,44
Biécourt,87,100,13
Montmotier,55,100,45
Domèvre-sur-Durbion,266,300,34
Damas-et-Bettegney,366,400,34
Mirecourt,5848,5900,52
Le Ménil,1149,1200,51
Belval,180,200,20
Grandrupt,92,100,8
Soncourt,54,100,46
Saint-Dié-des-Vosges,21447,21700,253
Saint-Léonard,1383,1400,17
Dommartin-lès-Vallois,55,100,45
Rozières-sur-Mouzon,85,100,15
Hadol,2281,2300,19
La Forge,568,600,32
Vecoux,958,1000,42
Offroicourt,155,200,45
Ban-sur-Meurthe-Clefcy,952,1000,48
Châtas,55,100,45
Vomécourt,256,300,44
Plombières-les-Bains,1824,1900,76
Vexaincourt,193,200,7
Le Thillot,3664,3800,136
Dompierre,282,300,18
Contrexéville,3389,3500,111
Nossoncourt,97,100,3
Combrimont,166,200,34
Circourt,86,100,14
Belmont-sur-Buttant,284,300,16
Valleroy-aux-Saules,271,300,29
Dommartin-lès-Remiremont,1836,1900,64
Brouvelieures,489,500,11
Rancourt,61,100,39
La Neuveville-sous-Montfort,175,200,25
Villotte,164,200,36
Ramecourt,166,200,34
Hautmougey,159,200,41
Médonville,68,100,32
Gignéville,69,100,31
Attigny,259,300,41
Corcieux,1666,1700,34
Le Puid,97,100,3
Champ-le-Duc,525,600,75
Grand,441,500,59
Hadigny-les-Verrières,383,400,17
Nompatelize,563,600,37
Xaffévillers,166,200,34
Le Vermont,52,100,48
Villouxel,85,100,15
Rambervillers,5595,5700,105
Essegney,691,700,9
Bettoncourt,91,100,9
Viviers-le-Gras,178,200,22
Sainte-Hélène,470,500,30
Taintrux,1572,1600,28
Saint-Gorgon,390,400,10
Pallegney,160,200,40
Escles,443,500,57
Rouvres-en-Xaintois,289,300,11
Tilleux,79,100,21
Dignonville,184,200,16
Domèvre-sous-Montfort,63,100,37
Neufchâteau,6881,7000,119
Xertigny,2770,2800,30
Derbamont,91,100,9
Saint-Prancher,75,100,25
Chamagne,464,500,36
Le Tholy,1581,1600,19
Barville,89,100,11
Anglemont,168,200,32
Remicourt,75,100,25
Greux,168,200,32
Sauville,195,200,5
Provenchères-lès-Darney,172,200,28
Damblain,263,300,37
Bains-les-Bains,1277,1300,23
Claudon,199,200,1
La Voivre,747,800,53
Courcelles-sous-Châtenois,86,100,14
Prey,94,100,6
Lerrain,479,500,21
Rupt-sur-Moselle,3543,3600,57
Maxey-sur-Meuse,258,300,42
Aydoilles,1065,1100,35
Marche,1037,1100,63
Moussey,669,700,31
Villenavotte,167,200,33
Molinons,262,300,38
Nitry,367,400,33
Tonnerre,5243,5300,57
Cruzy-le-Châtel,255,300,45
Chambeugle,58,100,42
Gland,51,100,49
Bléneau,1441,1500,59
Saint-Germain-des-Champs,390,400,10
Cry,185,200,15
Augy,1050,1100,50
Foissy-sur-Vanne,291,300,9
Saint-Martin-des-Champs,272,300,28
Saint-Père,371,400,29
Ormes,288,300,12
Moutiers-en-Puisaye,282,300,18
Tannerre-en-Puisaye,299,300,1
Fontenay-sous-Fouronnes,73,100,27
Saint-Maurice-Thizouaille,248,300,52
Domecy-sur-le-Vault,99,100,1
Prégilbert,195,200,5
Maillot,1079,1100,21
Évry,367,400,33
Fontenay-près-Vézelay,150,200,50
Saligny,666,700,34
Béru,75,100,25
Thury,454,500,46
Quenne,458,500,42
Étais-la-Sauvin,684,700,16
Noyers,676,700,24
Sainte-Colombe,193,200,7
Grandchamp,369,400,31
Annéot,147,200,53
Venizy,890,900,10
Villiers-Louis,469,500,31
Paron,4404,4500,96
Fontenailles,70,100,30
Cheney,265,300,35
Molesmes,185,200,15
Yrouerre,185,200,15
Ancy-le-Franc,994,1000,6
Leugny,381,400,19
Percey,258,300,42
Saint-Martin-sur-Ocre,58,100,42
Bessy-sur-Cure,176,200,24
Ancy-le-Libre,185,200,15
Villeneuve-sur-Yonne,5295,5300,5
Girolles,186,200,14
Montréal,194,200,6
Villemer,245,300,55
Saint-Moré,183,200,17
Saint-Privé,559,600,41
Vincelles,989,1000,11
Island,188,200,12
Trévilly,61,100,39
Beauvilliers,97,100,3
Thorigny-sur-Oreuse,1499,1500,1
Quincerot,70,100,30
Vézinnes,174,200,26
Mailly-le-Château,581,600,19
Montillot,280,300,20
Saint-Romain-le-Preux,187,200,13
Chichery,470,500,30
Jaulges,452,500,48
Courlon-sur-Yonne,1164,1200,36
Malay-le-Grand,1510,1600,90
Saints,593,600,7
Pisy,64,100,36
Parly,798,800,2
Savigny-sur-Clairis,392,400,8
Toucy,2628,2700,72
Foissy-lès-Vézelay,144,200,56
Saint-Clément,2809,2900,91
Chichée,349,400,51
Thizy,171,200,29
Courtois-sur-Yonne,799,800,1
Sarry,164,200,36
Vermenton,1182,1200,18
Domecy-sur-Cure,394,400,6
Chailley,576,600,24
Butteaux,266,300,34
Chamoux,88,100,12
Pontaubert,389,400,11
Venouse,299,300,1
Accolay,438,500,62
Vézelay,447,500,53
Coulours,149,200,51
Sambourg,92,100,8
Saint-Sauveur-en-Puisaye,941,1000,59
Beaumont,588,600,12
Avallon,7248,7300,52
Chassy,473,500,27
Bassou,780,800,20
Chaumot,693,700,7
Cheny,2469,2500,31
Méré,180,200,20
Vignes,96,100,4
Charny,1676,1700,24
Dyé,195,200,5
Mercy,76,100,24
Fouronnes,154,200,46
Aisy-sur-Armançon,265,300,35
Gigny,94,100,6
Crain,395,400,5
Étigny,760,800,40
Fleys,171,200,29
Neuvy-Sautour,999,1000,1
Arthonnay,163,200,37
Lignorelles,184,200,16
Cudot,351,400,49
Fresnes,73,100,27
Bussy-en-Othe,758,800,42
Brienon-sur-Armançon,3140,3200,60
Héry,1883,1900,17
Gurgy,1646,1700,54
Champs-sur-Yonne,1573,1600,27
Mailly-la-Ville,558,600,42
Baon,83,100,17
Censy,57,100,43
Cisery,53,100,47
Collan,189,200,11
Tharot,92,100,8
Précy-sur-Vrin,476,500,24
Annoux,95,100,5
Saint-Maurice-aux-Riches-Hommes,455,500,45
Lichères-près-Aigremont,173,200,27
Précy-le-Sec,285,300,15
Subligny,491,500,9
Pimelles,65,100,35
Chemilly-sur-Serein,175,200,25
Sauvigny-le-Beuréal,62,100,38
Val-de-Mercy,371,400,29
Ravières,854,900,46
Saint-Fargeau,1793,1800,7
Marmeaux,81,100,19
Saint-Denis,679,700,21
Bellechaume,453,500,47
Lichères-sur-Yonne,58,100,42
L'Isle-sur-Serein,738,800,62
La Chapelle-Vaupelteigne,97,100,3
Tronchoy,148,200,52
Laroche-Saint-Cydroine,1348,1400,52
Tharoiseau,66,100,34
Villeneuve-Saint-Salves,253,300,47
Trichey,43,100,57
Migennes,7243,7400,157
Châtel-Censoir,663,700,37
Looze,469,500,31
Merry-Sec,170,200,30
Varennes,295,300,5
Brosses,292,300,8
Coulangeron,197,200,3
Villon,95,100,5
Sermizelles,286,300,14
Chastellux-sur-Cure,154,200,46
Rouvray,380,400,20
Menades,49,100,51
Argentenay,99,100,1
Lainsecq,375,400,25
Courson-les-Carrières,859,900,41
Coulanges-sur-Yonne,556,600,44
Rosoy,1042,1100,58
Piffonds,591,600,9
Taingy,297,300,3
Druyes-les-Belles-Fontaines,299,300,1
Annay-la-Côte,360,400,40
Dixmont,888,900,12
Asnières-sous-Bois,162,200,38
Collemiers,573,600,27
Vireaux,150,200,50
Sormery,372,400,28
Saint-Julien-du-Sault,2364,2400,36
Soumaintrain,199,200,1
La Postolle,152,200,48
Seignelay,1587,1600,13
Compigny,161,200,39
Clérimois,265,300,35
La Ferté-Loupière,557,600,43
Chamvres,676,700,24
Mont-Saint-Sulpice,788,800,12
Sens,24883,25900,1017
Pont-sur-Vanne,195,200,5
Gy-l'Évêque,465,500,35
Mézilles,573,600,27
La Belliole,256,300,44
Pasilly,51,100,49
Charmoy,1173,1200,27
Givry,177,200,23
Chigy,286,300,14
Ormoy,680,700,20
Junay,99,100,1
Festigny,79,100,21
Chablis,2338,2400,62
Saint-André-en-Terre-Plaine,184,200,16
Treigny,897,900,3
Andryes,466,500,34
Villiers-sur-Tholon,486,500,14
Courgis,260,300,40
Poilly-sur-Serein,281,300,19
Villiers-Vineux,297,300,3
La Chapelle-sur-Oreuse,561,600,39
Joigny,10249,10400,151
Fontaines,470,500,30
Ouanne,678,700,22
Sainte-Colombe-sur-Loing,179,200,21
Auxerre,36200,36900,700
Malicorne,161,200,39
Aigremont,72,100,28
Châtel-Gérard,251,300,49
Thory,197,200,3
Saint-Aubin-sur-Yonne,452,500,48
Talcy,87,100,13
Perrigny,1151,1200,49
Carisey,372,400,28
Saint-Florentin,4771,4900,129
Germigny,560,600,40
Vassy-sous-Pisy,79,100,21
Lain,163,200,37
Belfort,50078,50300,222
Felon,256,300,44
Bourogne,1971,2000,29
Riervescemont,93,100,7
Danjoutin,3486,3500,14
Denney,792,800,8
Châtenois-les-Forges,2696,2800,104
Joncherey,1328,1400,72
Lepuix,1155,1200,45
Charmois,293,300,7
Auxelles-Bas,477,500,23
Froidefontaine,472,500,28
Fêche-l'Église,789,800,11
Rougemont-le-Château,1392,1400,8
Giromagny,3187,3200,13
Delle,5916,6000,84
Croix,162,200,38
Étueffont,1469,1500,31
Grandvillars,3049,3100,51
Botans,286,300,14
Cunelières,285,300,15
Leval,196,200,4
Banvillars,274,300,26
Éloie,997,1000,3
Foussemagne,970,1000,30
Vellescot,254,300,46
Chavanatte,164,200,36
Essert,3169,3200,31
Petitefontaine,193,200,7
Petitmagny,279,300,21
Andelnans,1267,1300,33
Sevenans,718,800,82
Lebetain,451,500,49
Lachapelle-sous-Chaux,691,700,9
Dorans,555,600,45
Thiancourt,248,300,52
Eguenigue,264,300,36
Anjoutey,684,700,16
Chaux,1080,1100,20
Lepuix-Neuf,285,300,15
Recouvrance,75,100,25
Janvry,584,600,16
Brunoy,25377,25600,223
Saint-Hilaire,380,400,20
Évry,52135,52500,365
Draveil,28491,28700,209
Grigny,26638,27200,562
Vayres-sur-Essonne,893,900,7
Abbéville-la-Rivière,283,300,17
Bures-sur-Yvette,9535,9700,165
Palaiseau,30285,30400,115
Guigneville-sur-Essonne,926,1000,74
Épinay-sur-Orge,10104,10200,96
Boussy-Saint-Antoine,6292,6400,108
La Ville-du-Bois,7138,7200,62
Écharcon,793,800,7
Verrières-le-Buisson,15418,15700,282
Longpont-sur-Orge,6561,6700,139
Mondeville,680,700,20
Saint-Michel-sur-Orge,20046,20200,154
Ballainvilliers,3795,3800,5
Saint-Escobille,460,500,40
Maisse,2661,2700,39
Chamarande,1091,1100,9
Champcueil,2790,2800,10
Courcouronnes,13812,14100,288
Authon-la-Plaine,360,400,40
Saintry-sur-Seine,5093,5200,107
Varennes-Jarcy,2373,2400,27
Videlles,660,700,40
Orveau,197,200,3
Mauchamps,286,300,14
Bièvres,4643,5000,357
Chatignonville,56,100,44
Le Val-Saint-Germain,1460,1500,40
Puiselet-le-Marais,270,300,30
Bois-Herpin,75,100,25
Orsay,15966,16300,334
Fontenay-le-Vicomte,1273,1300,27
La Ferté-Alais,3985,4000,15
Paray-Vieille-Poste,7111,7200,89
Gif-sur-Yvette,20654,21200,546
Villiers-sur-Orge,3891,3900,9
La Forêt-Sainte-Croix,155,200,45
Champmotteux,376,400,24
Soisy-sur-École,1357,1400,43
Souzy-la-Briche,382,400,18
La Norville,4075,4100,25
Épinay-sous-Sénart,12171,12600,429
Athis-Mons,30393,30600,207
Leuville-sur-Orge,4099,4200,101
Soisy-sur-Seine,7048,7200,152
Briis-sous-Forges,3364,3400,36
Roinvilliers,92,100,8
Courson-Monteloup,595,600,5
La Forêt-le-Roi,481,500,19
Janville-sur-Juine,1863,1900,37
Étiolles,3073,3100,27
Saint-Jean-de-Beauregard,278,300,22
Morsang-sur-Orge,20944,21100,156
Vauhallan,1985,2000,15
Saint-Chéron,4799,4800,1
Bondoufle,9298,9400,102
Sermaise,1680,1700,20
Saint-Aubin,690,700,10
Buno-Bonnevaux,476,500,24
Torfou,272,300,28
Lardy,5528,5700,172
Savigny-sur-Orge,36842,37300,458
Ollainville,4550,4600,50
Mespuits,191,200,9
Courdimanche-sur-Essonne,269,300,31
Longjumeau,21361,21400,39
Marnes-la-Coquette,1647,1700,53
Fontenay-aux-Roses,23351,24100,749
Garches,18169,18200,31
Ville-d'Avray,10828,10900,72
Sèvres,22978,23100,122
Gennevilliers,41364,41800,436
Nanterre,89185,89600,415
Bagneux,38080,38500,420
Bourg-la-Reine,19985,20000,15
Bagnolet,33883,34000,117
Sevran,49832,50800,968
Villemomble,28006,28200,194
Aulnay-sous-Bois,82120,82200,80
Villetaneuse,12592,12700,108
Noisy-le-Grand,62964,63100,136
Villepinte,35658,35800,142
Bobigny,47492,47700,208
Pierrefitte-sur-Seine,27883,28900,1017
Tremblay-en-France,34493,35500,1007
L'Île-Saint-Denis,7025,7100,75
Stains,33829,34600,771
Alfortville,44201,44700,499
Saint-Mandé,22396,22500,104
Villiers-sur-Marne,27338,27500,162
Le Kremlin-Bicêtre,26046,26100,54
La Queue-en-Brie,11381,11400,19
Arcueil,19775,19800,25
Marolles-en-Brie,4968,5100,132
Valenton,12081,12200,119
Saint-Maur-des-Fossés,74816,75700,884
Sucy-en-Brie,25820,26100,280
Saint-Maurice,14512,14600,88
Ablon-sur-Seine,5171,5200,29
Gentilly,17097,17400,303
Chevilly-Larue,18498,19000,502
Villeneuve-le-Roi,18479,18500,21
Hodent,250,300,50
Fontenay-en-Parisis,1912,2000,88
Ézanville,8979,9100,121
Sagy,1160,1200,40
Théméricourt,264,300,36
Jouy-le-Moutier,16589,16700,111
Bréançon,371,400,29
Vallangoujard,634,700,66
Bellefontaine,432,500,68
Le Heaulme,191,200,9
Seraincourt,1332,1400,68
Montmorency,21194,21400,206
Épiais-lès-Louvres,88,100,12
Margency,2852,2900,48
Pontoise,29548,29700,152
Menouville,90,100,10
Commeny,379,400,21
Bray-et-Lû,977,1000,23
Marly-la-Ville,5472,5500,28
Génicourt,489,500,11
Amenucourt,198,200,2
Saint-Witz,2566,2600,34
Nucourt,735,800,65
Arronville,664,700,36
Presles,3788,3800,12
Lassy,187,200,13
Chaumontel,3289,3300,11
Villaines-sous-Bois,671,700,29
Ermont,27446,27700,254
Auvers-sur-Oise,6792,6900,108
Puiseux-en-France,3294,3400,106
Moussy,151,200,49
Franconville,33097,33200,103
Gouzangrez,173,200,27
Gonesse,26356,26500,144
Hédouville,250,300,50
Villers-en-Arthies,461,500,39
Boissy-l'Aillerie,1774,1800,26
La Frette-sur-Seine,4569,4600,31
Deuil-la-Barre,21509,21700,191
Bezons,27987,28000,13
Courdimanche,6495,6600,105
Ronquerolles,858,900,42
Saint-Gratien,20156,20300,144
Bernes-sur-Oise,2378,2400,22
Taverny,26144,26300,156
Bessancourt,6994,7200,206
Vigny,1077,1100,23
Livilliers,381,400,19
Écouen,7374,7400,26
Saint-Prix,7308,7400,92
Frouville,369,400,31
Noisy-sur-Oise,688,700,12
Nerville-la-Forêt,653,700,47
Chérence,149,200,51
Frémainville,490,500,10
Saint-Gervais,958,1000,42
Montsoult,3396,3400,4
La Roche-Guyon,454,500,46
Argenteuil,103125,103300,175
Villiers-le-Bel,26736,27000,264
Vaudherland,90,100,10
Gadancourt,99,100,1
Sarcelles,58614,59200,586
Le Plessis-Gassot,73,100,27
Méry-sur-Oise,9260,9400,140
Guiry-en-Vexin,154,200,46
Épinay-Champlâtreux,67,100,33
Villiers-le-Sec,176,200,24
Beauchamp,8737,8800,63
Châtenay-en-France,69,100,31
Enghien-les-Bains,11809,12100,291
Mours,1352,1400,48
Jagny-sous-Bois,254,300,46
Puiseux-Pontoise,433,500,67
Vétheuil,887,900,13
Maudétour-en-Vexin,197,200,3
Fosses,9565,9700,135
Cristinacce,60,100,40
Évisa,190,200,10
Guagno,153,200,47
Azzana,49,100,51
Pastricciola,84,100,16
Rezza,58,100,42
Rosazia,56,100,44
Salice,71,100,29
Murzo,83,100,17
Arbori,61,100,39
Vico,885,1000,115
Cargèse,1161,1200,39
Tavera,389,400,11
Bocognano,485,500,15
Vero,477,500,23
Arro,76,100,24
Casaglione,366,400,34
Ambiegna,61,100,39
Coggia,833,900,67
Orto,57,100,43
Poggiolo,97,100,3
Renno,69,100,31
Ucciani,461,500,39
Tavaco,281,300,19
Sant'Andréa-d'Orcino,74,100,26
Palneca,163,200,37
Cozzano,271,300,29
Tasso,93,100,7
Sampolo,57,100,43
Alata,2953,3000,47
Villanova,349,400,51
Corrano,86,100,14
Quasquara,55,100,45
Zévaco,61,100,39
Campo,84,100,16
Cauro,1287,1300,13
Olivese,259,300,41
Forciolo,72,100,28
Argiusta-Moriccio,82,100,18
Cognocoli-Monticchi,183,200,17
Urbalacone,71,100,29
Sorbollano,71,100,29
Aullène,182,200,18
Petreto-Bicchisano,570,600,30
Pila-Canale,281,300,19
Levie,769,800,31
Altagène,53,100,47
Cargiaca,58,100,42
Zoza,53,100,47
Fozzano,197,200,3
Santa-Maria-Figaniella,81,100,19
Casalabriva,180,200,20
Granace,57,100,43
Porto-Vecchio,11035,11100,65
Giuncheto,86,100,14
Grossa,47,100,53
Belvédère-Campomoro,163,200,37
Monacia-d'Aullène,464,500,36
Castineta,54,100,46
Nocario,59,100,41
Saliceto,66,100,34
Quercitello,55,100,45
Morosaglia,1083,1100,17
Prato-di-Giovellina,48,100,52
Santa-Maria-Poggio,623,700,77
Felce,50,100,50
San-Lorenzo,145,200,55
Cambia,80,100,20
Rusio,77,100,23
Tralonca,92,100,8
Omessa,565,600,35
Castirla,192,200,8
Corscia,168,200,32
Pianello,72,100,28
Matra,49,100,51
Moïta,82,100,18
Novale,52,100,48
Sermano,73,100,27
Bustanico,61,100,39
Sant'Andréa-di-Bozio,85,100,15
Santa-Lucia-di-Mercurio,92,100,8
Tox,93,100,7
Giuncaggio,64,100,36
Pietraserena,75,100,25
Pancheraccia,163,200,37
Altiani,80,100,20
Poggio-di-Venaco,197,200,3
Riventosa,169,200,31
Venaco,765,800,35
Casanova,348,400,52
Pietroso,243,300,57
Rospigliani,88,100,12
Ersa,153,200,47
Casevecchie,67,100,33
Poggio-di-Nazza,186,200,14
San-Gavino-di-Fiumorbo,174,200,26
Isolaccio-di-Fiumorbo,382,400,18
Solaro,662,700,38
Noceta,58,100,42
Meria,96,100,4
Rogliano,559,600,41
Cagnano,195,200,5
Barrettali,148,200,52
Pino,166,200,34
Luri,680,700,20
Pietracorbara,591,600,9
Olcani,80,100,20
Nonza,70,100,30
Bastia,43008,43500,492
San-Martino-di-Lota,2764,2800,36
Patrimonio,669,700,31
Rapale,152,200,48
San-Gavino-di-Tenda,54,100,46
Sorio,146,200,54
Urtaca,186,200,14
Lama,170,200,30
Novella,91,100,9
Belgodère,482,500,18
Pigna,99,100,1
Monticello,1686,1700,14
Sant'Antonino,94,100,6
Santa-Reparata-di-Balagna,984,1000,16
Algajola,296,300,4
Vignale,174,200,26
Prunelli-di-Casacconi,166,200,34
Bigorno,77,100,23
Olmi-Cappella,188,200,12
Speloncato,285,300,15
Pioggiola,89,100,11
Costa,65,100,35
Ville-di-Paraso,179,200,21
Occhiatana,175,200,25
Avapessa,77,100,23
Muro,254,300,46
Aregno,595,600,5
Calvi,5394,5400,6
Venzolasca,1666,1700,34
Castellare-di-Casinca,550,600,50
Porri,56,100,44
Casabianca,91,100,9
Loreto-di-Casinca,254,300,46
Olmo,190,200,10
Casalta,53,100,47
Bisinchi,195,200,5
Campile,183,200,17
Castifao,159,200,41
Santa-Lucia-di-Moriani,1138,1200,62
Pruno,188,200,12
Poggio-Mezzana,650,700,50
Croce,84,100,16
San-Gavino-d'Ampugnani,85,100,15
